100 328# diff=4
0 76
0 69
0 91
0 80
0 42
0 13
0 79
0 93
0 35
0 33
0 97
1 98
1 55
1 68
1 67
1 72
1 37
1 70
1 79
1 18
1 87
1 10
1 77
1 33
2 22
2 29
2 75
3 10
3 52
3 91
3 65
3 89
3 97
3 87
3 30
4 75
4 33
4 68
5 69
5 35
5 28
5 47
5 39
6 91
6 29
6 89
6 63
6 14
6 81
6 55
6 67
7 68
7 53
7 54
7 86
7 11
7 34
7 41
8 24
8 18
9 73
9 77
9 21
9 53
9 13
9 74
9 55
10 85
10 86
10 44
10 63
10 41
10 39
10 46
11 87
11 56
11 19
11 46
12 47
12 40
12 89
12 26
12 22
12 99
12 33
12 73
12 96
13 30
13 54
13 24
13 63
13 61
14 15
14 84
14 49
14 38
15 29
15 43
16 82
16 56
16 61
16 66
16 78
17 51
17 62
17 57
18 80
18 26
18 43
18 87
19 70
19 52
19 34
19 51
19 49
19 87
20 76
20 79
20 65
20 86
20 72
21 45
21 48
21 51
21 35
22 60
22 52
22 31
22 39
22 44
22 73
23 42
23 62
24 61
24 87
24 59
24 76
25 74
25 29
25 49
26 30
26 47
26 82
27 73
27 94
27 60
27 95
27 76
27 69
27 43
27 88
27 59
28 85
28 62
28 98
29 85
29 51
29 70
29 98
29 67
30 97
30 73
30 90
30 54
31 51
31 66
31 44
31 68
32 99
32 60
32 72
33 88
33 54
33 43
34 98
34 58
34 74
34 90
34 57
35 88
35 43
35 98
35 57
36 39
36 91
37 74
37 47
37 86
37 60
37 55
37 64
37 84
38 69
38 51
38 79
38 47
38 85
38 58
38 84
39 80
39 93
39 53
39 91
39 54
40 72
40 52
40 66
40 50
40 90
40 86
40 71
40 87
40 43
41 53
41 46
42 52
42 68
42 96
42 49
43 91
43 52
43 84
43 87
44 52
44 67
44 78
44 96
44 77
44 57
45 98
45 78
45 61
46 92
46 82
46 93
46 88
47 60
47 91
47 78
47 97
48 50
48 81
48 77
49 69
49 82
50 56
50 60
51 89
51 57
52 76
52 62
52 96
53 83
54 55
54 61
54 97
55 73
55 85
55 79
55 60
55 87
56 87
56 59
56 93
57 60
57 75
57 66
57 63
57 96
58 98
58 80
59 79
59 86
59 87
59 66
59 96
59 63
60 65
60 72
61 93
61 68
61 85
62 63
63 92
63 65
63 99
63 67
63 98
64 74
64 69
65 97
65 66
66 80
66 67
66 74
66 70
66 69
66 95
67 84
67 88
67 73
67 85
68 74
69 71
70 96
70 89
72 97
72 84
74 80
74 87
74 85
75 83
75 84
77 98
77 91
77 86
78 84
79 92
79 89
79 93
80 95
83 84
85 87
86 96
88 97
89 98
90 94
95 96
