100 264#diff = 3
0 34
0 46
0 96
0 86
1 27
1 10
1 88
1 29
2 88
2 41
2 40
2 39
2 82
2 49
2 12
3 64
3 91
3 35
3 7
3 61
3 33
3 53
4 7
4 39
4 11
4 21
4 57
5 52
5 28
5 10
5 75
5 40
5 62
5 77
5 90
5 64
6 69
6 37
6 58
7 21
7 23
7 19
7 98
7 99
7 61
8 27
8 75
8 87
8 31
8 65
9 13
9 22
9 68
9 98
9 76
10 40
10 49
11 23
11 47
12 45
13 81
13 84
13 53
13 97
13 70
13 79
14 52
14 90
15 77
15 86
15 76
15 56
15 58
15 34
15 94
16 89
16 63
16 85
16 79
16 18
17 32
17 97
17 43
17 79
17 22
18 26
18 93
18 21
18 69
19 69
19 76
19 73
19 75
20 21
20 51
20 26
20 93
20 89
20 70
21 97
21 52
21 55
21 38
22 33
22 97
22 95
22 29
22 30
22 65
23 35
24 91
24 52
24 33
24 38
25 72
25 30
25 95
25 44
25 78
25 31
25 37
27 92
27 57
27 60
27 58
27 33
28 45
29 99
29 33
29 81
29 72
29 41
30 94
30 71
30 88
31 97
31 39
32 37
32 70
32 66
32 46
32 47
33 96
33 62
33 71
34 92
34 44
34 47
34 85
35 39
36 67
36 77
37 52
37 75
37 84
37 74
38 85
38 95
38 55
38 82
38 41
38 80
38 96
39 71
40 59
40 63
40 68
41 46
41 68
41 52
41 82
42 74
42 62
42 49
44 79
44 73
44 91
44 75
44 68
44 61
45 50
46 54
46 81
46 57
46 80
48 73
48 59
48 89
48 66
49 79
49 86
49 50
49 63
49 52
50 76
50 92
52 65
52 68
52 62
53 59
54 81
55 99
55 66
55 97
55 74
55 85
56 83
56 99
56 71
57 74
58 74
58 81
59 90
60 70
60 87
60 94
60 74
61 89
61 73
62 71
64 98
65 95
65 83
65 97
65 68
66 99
66 74
66 87
66 73
67 87
68 96
68 79
70 84
70 87
70 91
71 94
71 74
71 91
72 92
73 77
73 93
74 88
75 82
76 97
78 85
79 97
79 83
80 98
81 96
82 90
82 86
84 92
84 88
85 88
85 96
86 94
87 88
88 89
89 90
91 95
91 93
91 92
94 95
95 97
