100 349# diff=4
0 16
0 92
0 31
0 5
0 83
0 55
0 91
1 99
1 61
1 82
1 4
1 37
1 30
1 64
1 24
1 71
2 75
2 90
2 56
2 17
2 12
2 38
2 14
2 81
3 41
3 21
3 52
3 34
3 6
3 83
3 42
3 29
3 61
3 11
3 54
3 5
3 97
3 65
4 83
4 36
4 80
4 63
4 52
4 11
4 81
4 87
5 52
5 57
5 66
5 95
5 44
6 65
6 10
6 40
6 73
6 22
6 50
6 94
6 24
6 33
7 54
7 30
7 17
8 59
8 14
8 35
8 42
8 20
8 47
8 46
8 15
9 89
9 65
10 53
10 83
10 74
10 54
10 67
10 71
10 64
10 78
10 72
11 90
11 76
11 22
11 15
11 41
11 17
11 80
11 20
12 95
12 98
12 29
12 62
13 93
13 63
13 99
13 23
13 95
14 86
14 97
14 62
15 40
15 78
15 51
15 83
15 23
15 71
15 73
15 17
16 55
17 78
17 58
17 72
17 82
17 94
18 66
18 70
19 37
19 66
19 20
19 62
19 23
19 21
20 42
20 75
20 51
20 94
20 74
21 83
21 96
21 91
21 95
21 54
21 31
21 35
21 66
21 75
22 43
22 91
22 49
22 27
22 51
22 41
22 39
23 43
23 75
23 50
23 53
23 56
23 73
23 66
24 34
24 39
24 97
24 61
24 83
25 62
25 49
26 82
26 96
27 63
27 32
27 50
27 78
27 57
27 61
27 99
28 82
28 35
28 62
28 52
28 86
29 94
29 52
29 99
29 73
29 95
30 87
30 73
30 84
31 86
31 57
31 43
31 41
31 62
31 82
31 98
31 52
31 85
31 60
32 47
32 46
32 78
33 62
33 51
33 93
33 91
33 46
34 55
34 47
34 99
34 91
34 58
34 85
35 83
35 97
35 90
35 73
35 89
35 86
36 43
36 66
36 95
36 48
37 38
37 45
37 99
37 63
37 61
38 59
38 73
38 40
38 91
38 63
39 61
39 53
40 69
40 95
40 71
40 50
40 80
40 65
41 66
41 93
41 55
41 59
41 65
42 71
42 58
42 97
42 53
42 50
42 81
42 74
43 77
43 54
43 63
43 93
44 50
44 55
44 76
45 49
45 93
45 71
45 68
45 96
46 55
46 97
47 80
47 92
48 67
49 97
49 67
49 74
49 81
49 92
50 59
50 79
50 95
51 87
51 54
51 84
51 96
52 92
52 87
53 78
53 80
53 58
53 70
53 54
54 79
54 93
55 57
55 86
55 62
55 81
55 78
55 91
58 80
58 86
58 67
58 82
59 81
59 63
59 97
59 65
59 91
60 89
60 84
61 78
61 75
62 80
63 90
64 78
64 94
65 81
65 68
66 82
66 76
66 71
67 74
67 68
68 74
68 96
69 78
70 83
70 90
70 87
70 91
71 91
71 95
71 93
71 89
73 96
74 98
74 90
74 87
74 82
75 92
76 83
76 99
76 94
77 96
77 99
77 88
77 98
78 81
80 82
86 95
86 94
87 93
87 90
87 99
88 96
89 99
90 99
91 95
95 97
