100 215#diff = -1
0 72
0 57
0 46
1 62
1 56
2 29
2 8
2 53
2 98
3 18
3 84
3 72
3 78
3 90
3 13
3 25
3 98
3 37
3 76
3 46
4 58
4 45
4 62
4 43
4 31
4 68
5 37
5 66
6 44
6 99
7 95
7 26
7 92
7 71
7 54
7 94
8 13
8 50
8 95
9 74
9 91
9 33
9 37
9 93
10 48
10 19
10 66
11 80
11 20
11 56
11 44
11 22
12 90
12 63
13 58
13 53
13 21
13 91
13 48
13 61
14 41
14 93
15 90
15 35
15 36
15 39
16 51
16 55
16 61
16 34
16 63
17 48
19 76
19 61
19 58
19 72
19 96
19 37
20 51
20 21
20 43
21 99
21 26
21 42
21 24
22 43
22 35
22 64
22 86
23 31
24 89
24 46
24 69
25 66
26 55
26 46
26 44
26 41
26 68
27 79
27 38
27 49
27 97
27 87
28 71
28 60
29 83
29 98
29 86
29 95
30 82
30 72
30 48
30 50
31 64
31 87
31 77
31 76
31 57
32 70
32 75
32 50
32 86
32 45
32 90
33 51
33 53
33 55
33 90
34 84
35 41
35 81
35 65
35 50
35 79
35 90
36 96
36 40
37 45
37 68
39 72
42 64
43 70
44 96
44 45
44 73
45 96
46 80
46 89
46 53
47 86
47 68
48 72
48 95
48 91
48 55
49 60
49 86
50 82
50 88
50 74
51 97
51 83
52 72
52 61
53 73
53 55
54 89
54 97
55 65
55 60
56 75
56 74
57 99
57 86
57 92
58 90
58 64
59 62
59 75
59 84
60 84
61 62
62 98
62 91
64 70
64 87
65 99
65 81
66 70
66 90
66 98
66 80
66 69
67 99
68 95
68 94
68 81
69 75
70 95
72 88
72 97
73 89
73 96
76 98
76 90
77 93
79 93
79 84
80 86
81 86
83 90
83 94
85 93
89 92
