100 358# diff=4
0 56
0 89
0 83
0 9
0 74
0 65
0 97
1 57
1 21
1 37
1 44
1 75
1 77
1 24
1 97
1 93
1 39
1 23
1 84
1 30
2 68
2 7
3 5
3 61
3 88
3 69
3 17
3 82
3 8
4 89
4 59
4 17
4 97
4 93
4 83
4 10
5 79
5 59
5 36
5 34
5 84
5 80
5 73
5 91
5 61
5 70
5 39
6 72
6 57
6 90
6 96
6 35
6 67
7 52
7 58
7 55
7 54
7 41
7 53
7 93
8 84
8 41
8 46
8 29
8 15
8 89
8 75
8 62
8 34
8 42
9 24
9 94
10 64
10 86
10 67
10 95
10 97
10 54
10 45
11 22
11 21
11 68
11 99
11 17
11 82
11 77
11 76
11 81
11 60
12 39
12 63
12 56
12 44
12 83
13 84
13 74
13 31
13 29
14 59
14 47
14 17
14 18
14 86
14 84
14 88
14 56
14 99
15 53
15 49
15 61
15 85
15 41
15 80
15 57
16 74
16 42
16 64
16 80
17 48
17 75
17 90
17 33
18 73
18 63
18 70
19 57
19 28
19 81
19 30
20 37
20 48
20 21
20 38
20 89
20 50
21 88
21 64
21 37
21 89
21 71
21 80
22 97
22 27
22 55
22 67
22 71
22 30
22 32
22 31
23 63
23 25
23 57
23 59
23 99
23 30
24 55
24 56
24 40
24 91
25 36
25 67
25 54
25 96
25 62
25 91
25 61
26 88
26 52
26 93
26 33
26 79
26 98
27 40
27 35
27 69
28 58
28 92
28 59
28 29
28 31
29 43
29 45
29 64
29 53
30 57
30 92
31 55
31 40
31 68
32 83
33 62
33 65
33 53
34 39
34 80
34 83
34 86
35 45
35 84
36 37
36 88
36 79
36 54
36 62
36 97
36 46
37 49
37 71
37 53
37 40
37 54
38 99
39 83
39 70
39 88
39 51
39 71
40 77
40 50
40 57
40 91
40 76
41 42
41 76
41 52
41 45
41 44
41 95
41 49
41 83
41 60
42 83
42 56
42 55
42 50
42 57
42 58
43 45
43 85
43 47
44 48
44 67
44 64
44 47
45 78
45 74
45 60
45 95
45 66
45 67
45 87
46 74
46 54
46 67
46 79
47 52
47 90
47 81
47 75
47 56
47 92
48 90
48 62
48 75
48 73
48 70
48 96
48 72
49 63
49 74
50 52
50 67
50 59
51 65
51 89
51 72
52 84
52 66
52 91
53 93
53 62
54 66
54 77
54 84
54 60
54 64
54 92
54 80
54 69
54 90
54 63
55 61
55 63
55 85
55 70
56 69
56 88
57 99
57 78
58 90
59 70
60 90
61 74
61 70
61 88
61 64
61 90
62 98
63 81
63 92
63 76
64 92
64 74
64 86
65 79
65 75
65 70
65 99
66 87
66 75
67 96
67 95
68 92
68 82
68 74
69 80
69 76
71 85
71 80
71 75
72 89
72 76
72 91
72 75
72 84
72 90
74 87
75 94
76 79
77 87
77 94
77 98
79 95
79 87
79 94
80 92
82 89
84 97
85 92
86 98
87 92
87 99
88 94
90 99
90 98
91 93
91 95
95 97
