100 334# diff=4
0 13
0 55
0 70
0 56
0 35
0 1
0 10
1 45
1 95
1 79
1 99
1 78
1 32
1 80
2 33
2 53
2 13
2 9
2 49
2 40
2 78
2 91
2 99
2 8
3 42
3 24
3 37
3 29
3 49
3 74
4 27
4 24
4 96
4 6
4 30
5 52
5 76
5 39
5 22
5 19
5 48
5 80
6 92
6 62
6 38
6 30
6 39
6 80
7 33
7 29
7 95
7 11
7 64
8 37
8 24
8 75
8 97
8 69
8 78
8 41
8 26
9 24
9 99
9 40
9 22
9 43
10 49
10 89
10 85
10 44
10 37
10 30
10 50
10 99
11 95
11 91
11 50
11 79
11 70
11 89
11 73
11 20
11 94
12 49
12 69
12 47
12 27
12 60
12 93
12 33
12 67
13 43
13 30
13 74
13 63
14 69
14 25
14 30
14 73
14 53
14 63
14 98
14 71
14 70
14 59
15 43
15 31
15 37
15 63
15 59
15 24
15 49
15 88
15 16
16 81
16 23
17 42
17 34
17 61
17 93
17 92
17 22
17 46
17 49
17 57
18 81
18 34
18 59
18 36
18 57
19 35
19 44
19 57
19 94
19 68
19 66
19 97
20 59
20 44
21 58
21 88
21 27
21 61
22 24
22 72
23 35
23 94
24 50
24 52
24 27
24 81
25 96
26 60
26 39
26 79
26 88
26 91
26 56
26 70
26 84
26 94
27 47
27 31
28 56
28 58
28 34
28 31
29 57
29 52
29 69
30 33
30 64
30 59
30 48
30 57
31 54
32 80
32 91
32 67
32 99
32 62
33 39
33 87
33 78
33 59
34 97
34 44
35 47
35 82
35 75
35 63
36 52
36 83
37 60
37 54
37 65
37 79
37 46
37 88
38 78
38 49
38 56
38 61
38 50
38 60
38 40
38 55
39 47
39 66
39 96
39 58
39 73
40 93
40 52
40 57
41 86
42 86
42 56
42 78
42 75
42 55
42 64
42 54
42 44
43 48
43 44
44 50
44 95
44 69
44 94
44 52
45 59
45 48
45 84
45 61
46 82
47 62
47 64
47 92
47 69
47 95
47 87
48 65
48 61
49 91
49 72
49 84
50 59
50 90
50 54
50 92
50 75
51 65
51 90
51 72
51 58
52 56
53 64
53 71
53 95
53 85
54 60
54 72
54 82
54 65
55 67
55 97
55 90
56 79
56 80
56 92
57 73
58 66
58 86
59 75
59 78
60 85
60 89
60 79
61 62
61 85
61 82
61 75
62 75
62 86
64 81
64 86
64 97
65 87
65 79
65 91
66 77
66 88
66 90
66 91
66 78
66 95
66 93
67 93
67 79
67 89
68 76
69 84
69 70
69 99
69 93
70 84
70 75
71 73
72 88
72 82
73 75
73 99
74 90
75 97
76 82
77 79
78 83
78 90
79 98
79 97
80 94
80 95
80 92
84 86
85 86
85 93
86 88
89 94
91 97
92 97
93 94
93 99
94 95
