100 327# diff=4
0 45
0 97
0 64
0 46
0 5
0 15
0 98
1 92
1 36
1 24
1 51
2 45
2 86
2 82
2 30
2 84
2 79
2 13
2 29
2 27
2 16
2 68
3 73
3 82
3 22
3 66
3 7
3 57
4 53
4 39
4 80
5 62
5 50
5 34
5 54
5 99
5 39
5 72
5 83
6 68
6 88
6 84
6 49
6 14
6 7
6 73
7 63
7 72
7 85
7 56
7 80
7 66
7 69
7 59
7 78
8 55
8 22
8 14
8 76
9 15
9 22
9 47
9 69
9 90
9 54
10 85
10 49
10 89
11 16
11 65
12 87
12 16
12 18
12 89
12 47
13 71
13 61
13 99
13 83
13 54
13 27
13 94
14 49
14 99
15 25
15 60
15 76
15 19
15 80
15 66
15 27
15 96
15 56
16 24
16 27
16 63
16 28
16 51
16 68
17 18
17 31
17 26
17 47
17 55
17 93
17 97
17 50
17 22
18 54
19 43
19 37
19 55
20 64
20 66
20 92
20 77
21 70
21 39
21 71
22 75
22 24
22 54
22 98
22 50
23 52
23 37
23 30
23 91
23 43
23 88
23 49
23 24
23 25
24 64
24 56
24 35
24 45
25 95
25 81
25 79
25 31
25 30
25 27
25 43
26 78
26 31
26 28
26 68
26 37
27 96
27 99
27 62
27 95
27 51
27 68
28 70
28 51
28 55
28 94
28 74
29 63
29 89
29 46
29 50
29 44
30 35
30 59
30 71
30 70
30 96
31 35
31 32
31 45
31 59
31 82
31 60
32 78
32 99
32 94
32 38
33 47
33 82
33 77
33 86
33 71
34 59
34 86
34 54
34 63
34 72
34 60
35 80
35 61
35 62
35 51
36 56
36 77
37 59
37 62
37 46
38 82
39 96
39 47
39 98
39 75
40 76
40 92
41 96
42 83
42 97
42 64
42 50
43 56
43 81
43 70
43 69
43 85
44 83
44 56
44 68
44 66
44 45
44 48
45 99
45 93
45 82
45 96
46 59
46 64
46 97
46 55
46 57
47 60
47 62
48 64
49 73
49 70
49 86
49 54
50 71
50 76
50 51
51 54
51 70
51 94
51 85
51 65
52 79
53 76
54 72
54 65
55 93
55 81
55 69
55 86
56 57
56 72
57 71
57 74
57 80
57 58
57 98
57 89
58 91
58 81
58 96
58 60
58 66
59 79
59 82
59 95
59 86
60 80
60 67
60 93
60 78
61 80
61 74
62 93
62 63
62 66
62 81
63 70
64 90
65 91
65 70
66 88
66 71
66 73
67 91
68 70
68 69
69 70
69 79
69 88
69 86
69 92
69 99
70 84
71 98
71 99
72 83
72 78
72 73
73 92
73 75
73 85
74 88
75 93
75 86
75 94
76 83
77 88
78 85
79 83
81 87
81 92
81 86
81 94
82 99
82 89
83 85
84 88
85 96
88 89
89 98
89 97
