50 171# diff=3
0 34
0 19
0 35
0 38
0 7
0 21
0 16
0 8
1 31
1 22
1 38
1 48
1 30
2 29
2 40
2 28
2 45
2 4
2 13
2 12
2 46
2 42
3 11
3 40
3 9
4 42
4 21
4 19
4 33
4 13
4 6
4 28
4 45
4 44
4 8
4 18
4 11
5 7
5 6
5 29
5 15
5 11
6 36
6 19
6 20
7 12
7 32
7 25
7 24
7 30
7 36
7 47
7 29
7 33
7 42
7 38
8 18
8 27
8 12
8 38
8 34
8 11
8 15
9 46
9 34
10 15
10 25
10 33
10 16
10 18
10 48
10 19
11 49
11 33
11 41
12 23
12 40
12 18
13 49
13 43
13 41
13 44
13 31
13 22
13 29
14 37
14 35
14 18
14 44
14 47
14 22
15 37
15 36
15 48
15 42
15 30
15 46
15 32
16 34
16 23
16 22
16 46
16 42
16 32
17 35
17 30
17 23
17 37
18 29
18 44
19 29
19 41
19 22
20 44
21 47
21 49
21 22
22 26
22 33
22 32
22 31
22 23
22 27
23 32
23 28
23 46
23 43
24 28
24 44
26 38
26 28
26 31
26 49
27 43
27 41
27 29
27 34
27 35
27 48
27 39
27 42
27 47
28 44
28 40
28 34
29 46
29 35
29 48
30 35
31 36
31 47
31 44
32 38
32 33
32 44
32 48
33 47
34 44
35 41
36 38
36 42
36 48
36 47
38 45
39 40
40 42
40 44
42 49
43 47
43 49
46 47
50 177# diff=3
0 38
0 26
0 43
0 40
0 37
0 21
0 31
0 45
0 42
0 24
0 48
0 33
0 12
1 13
1 42
1 33
1 3
1 15
1 26
1 24
2 12
2 31
2 44
2 22
2 45
3 35
3 32
3 17
3 39
4 27
4 12
4 39
4 22
4 28
4 33
4 21
4 43
5 13
5 47
5 10
5 32
5 40
5 9
5 41
6 21
6 19
6 12
6 9
6 20
6 43
6 44
6 11
6 8
6 15
7 23
7 32
7 17
7 47
8 23
8 46
8 35
9 35
9 13
9 34
9 39
9 10
10 11
10 48
10 36
10 37
10 32
11 46
11 14
11 35
11 33
11 16
12 19
12 36
12 39
13 15
13 16
13 40
13 38
14 21
14 40
14 35
14 41
14 17
14 39
14 48
15 49
15 35
15 46
15 40
15 38
16 24
16 35
17 38
17 34
17 49
18 41
18 44
19 20
19 44
19 35
19 26
19 23
20 49
20 29
20 35
20 45
21 48
21 28
21 39
21 43
22 35
22 24
22 28
22 44
22 32
22 31
23 38
23 33
23 46
24 26
24 35
24 47
24 38
24 29
24 37
25 26
25 33
25 27
25 46
25 41
26 30
26 34
26 33
26 41
26 49
27 45
27 37
27 44
27 39
27 48
28 48
28 30
29 46
30 45
30 32
30 48
31 44
31 37
31 36
31 39
33 49
33 42
33 35
33 47
34 41
34 37
35 47
36 43
37 44
38 45
39 40
39 43
40 44
41 45
42 44
42 48
43 48
43 49
45 48
45 47
47 49
48 49
50 171# diff=3
0 12
0 9
0 6
0 48
0 46
0 4
0 30
0 40
0 7
1 10
1 16
1 48
1 3
2 24
2 38
2 46
2 30
2 41
2 36
2 20
2 21
3 7
3 42
3 44
3 15
3 27
3 29
3 24
3 17
4 30
4 5
4 16
4 29
5 49
5 32
5 31
5 24
5 7
6 47
6 32
6 48
6 29
6 40
7 10
7 16
7 46
7 36
7 17
7 11
8 19
8 29
8 14
8 38
8 28
9 15
9 37
9 14
9 16
9 32
9 10
9 26
9 13
9 44
10 41
10 42
10 26
10 33
10 37
12 28
12 48
12 29
12 42
12 32
13 32
13 19
13 47
14 37
14 46
14 27
14 28
14 22
14 32
14 19
14 21
14 41
15 36
15 45
15 28
15 23
15 25
15 22
15 41
15 43
16 31
16 18
16 34
16 38
16 23
16 46
16 30
17 33
17 47
17 37
17 23
18 21
18 42
18 24
18 29
18 48
18 44
18 33
19 23
19 43
19 36
19 41
19 20
19 47
19 33
20 49
20 46
20 42
21 23
21 46
21 24
21 22
21 37
22 23
22 29
22 39
22 37
23 30
23 26
23 33
23 49
24 42
24 48
24 45
25 28
25 30
25 42
25 35
25 26
26 32
26 28
26 45
26 31
26 41
28 41
28 29
28 46
28 48
29 40
30 39
30 34
31 38
31 34
31 45
32 47
34 37
35 42
36 49
36 45
36 37
38 49
38 40
38 43
40 49
41 42
42 47
43 49
47 49
50 172# diff=3
0 12
0 36
0 38
0 45
0 48
0 44
0 35
0 37
0 24
1 27
1 18
1 46
1 42
2 3
2 15
2 24
2 29
2 38
2 45
2 33
2 25
3 46
3 8
3 12
3 17
3 34
3 13
3 4
3 19
4 40
4 33
4 45
4 11
4 28
4 10
4 24
4 7
4 26
4 17
5 26
5 40
5 44
5 43
5 32
6 16
6 24
6 31
6 41
7 39
7 28
7 38
7 20
7 45
7 29
7 21
8 48
8 16
8 23
8 36
8 43
8 45
8 21
9 43
9 39
9 25
10 13
10 17
10 39
10 35
11 20
11 32
12 35
12 36
12 21
12 20
12 27
12 17
13 49
13 39
13 14
14 20
14 37
14 25
14 28
15 35
15 27
15 28
15 32
15 46
16 25
16 46
16 17
16 44
16 41
16 21
16 19
16 34
16 26
17 18
17 20
17 29
17 21
17 48
17 44
18 27
18 23
18 33
18 28
18 48
18 40
19 49
19 46
19 36
19 26
20 47
20 49
20 30
21 46
21 30
21 29
21 32
21 31
21 36
22 29
22 32
23 31
23 34
24 40
24 39
24 43
24 30
24 25
25 28
26 29
26 39
26 43
27 30
27 33
27 38
28 45
28 48
28 33
28 32
29 31
29 46
29 33
30 45
31 34
31 35
31 32
32 47
32 46
33 41
34 40
34 43
34 35
34 37
34 46
35 42
36 40
36 48
37 46
39 43
39 46
39 45
40 49
42 49
43 44
43 45
43 47
45 46
47 49
50 174# diff=3
0 27
0 39
0 40
0 21
0 32
0 6
0 14
0 35
0 45
0 26
0 41
0 49
0 2
1 49
1 17
1 2
1 41
1 42
1 4
1 18
1 15
1 19
1 11
1 34
1 47
2 5
2 45
2 27
2 48
2 32
2 34
2 28
3 40
3 10
3 33
3 4
3 36
3 42
3 5
3 43
3 24
4 20
4 49
4 41
4 32
4 46
4 24
5 45
5 36
6 49
6 31
6 23
7 33
7 22
7 12
7 37
7 30
7 24
8 12
8 22
8 30
8 33
8 23
8 40
8 9
9 16
9 12
9 19
9 39
10 20
10 18
10 17
10 36
10 46
10 40
10 33
10 28
11 39
11 36
11 31
11 29
11 19
12 41
12 36
12 18
12 32
12 44
12 14
13 33
13 34
13 14
13 25
14 18
14 36
14 43
14 37
14 44
15 46
15 48
15 31
15 28
16 37
16 21
16 39
16 17
17 35
17 33
17 27
17 47
17 38
18 45
18 42
18 32
18 46
18 19
19 39
19 38
19 22
19 44
19 47
19 30
19 45
20 22
20 47
20 23
20 28
21 31
21 44
21 26
22 29
22 38
22 47
23 25
23 27
23 36
24 42
24 40
25 32
25 37
26 27
26 40
26 32
26 47
27 33
27 31
29 42
29 45
29 30
30 31
30 32
31 42
31 33
31 32
32 37
32 35
33 34
34 47
34 40
35 48
35 36
35 44
36 48
36 39
36 42
36 44
37 46
37 48
39 47
40 46
43 49
43 44
44 49
44 48
46 48
