100 99#390 out
0 37
1 59
2 12
3 15
3 83
3 71
3 79
4 31
5 64
5 12
5 69
6 12
7 59
7 23
7 21
7 35
7 56
7 65
8 25
9 37
10 15
10 93
10 30
10 46
10 58
10 67
11 37
12 90
12 40
12 61
12 68
12 72
13 31
14 25
15 24
15 53
15 82
15 96
15 98
16 23
17 90
18 92
19 31
20 93
22 31
23 39
23 43
23 52
23 89
25 77
25 54
26 90
27 81
28 51
29 92
31 90
31 81
31 62
31 74
32 51
33 37
34 77
36 92
37 64
37 59
37 50
37 78
37 84
38 77
41 51
42 92
44 51
45 77
47 77
48 59
49 77
51 93
55 59
57 77
59 93
59 66
59 87
59 88
60 92
63 64
64 76
70 83
73 83
75 83
77 93
80 92
81 86
81 99
83 85
90 91
90 97
92 93
92 95
93 94
100 99#819 out
0 33
1 3
2 7
2 68
2 29
2 63
2 79
2 89
3 70
3 87
3 56
3 16
3 32
3 66
3 83
4 67
5 41
6 99
7 25
7 43
7 78
8 87
8 22
8 27
8 58
8 72
8 91
8 97
9 67
10 74
11 69
12 41
13 99
13 49
13 51
14 59
14 47
14 55
14 93
15 69
17 56
18 38
19 70
20 67
21 67
23 85
24 38
26 33
28 67
30 56
31 56
33 87
33 36
33 54
34 74
35 85
37 87
38 59
38 70
38 40
38 61
38 62
38 77
39 87
41 70
41 60
42 56
44 59
45 85
46 87
48 59
48 50
48 80
48 88
52 68
53 85
56 94
57 68
59 64
59 75
59 86
59 92
59 95
65 67
67 85
67 99
68 74
68 73
68 82
69 85
70 76
70 90
71 99
74 87
74 98
81 87
84 99
87 99
96 99
100 99#1200 out
0 92
1 43
2 14
2 38
2 60
2 78
3 92
4 14
5 16
5 15
5 28
5 75
6 93
7 73
7 48
7 57
7 96
8 20
9 92
10 14
11 55
12 43
13 44
14 88
14 92
14 17
14 46
14 47
14 87
16 93
16 35
16 52
16 56
18 45
19 44
19 61
19 83
20 73
20 44
20 92
20 70
20 85
21 41
22 82
22 36
22 62
22 97
23 41
24 41
25 92
26 92
27 41
29 88
30 45
31 43
32 44
33 73
34 41
37 73
39 73
40 88
41 44
41 55
42 92
43 44
43 45
43 53
43 86
45 93
45 49
45 51
45 67
45 90
50 92
54 93
55 64
55 69
55 74
55 76
55 94
58 92
59 82
63 82
65 82
66 92
68 92
71 82
72 93
73 81
73 91
73 99
77 82
79 88
80 82
82 92
82 95
84 93
88 98
89 93
100 99#2255 out
0 82
1 98
2 12
3 31
4 12
5 6
5 10
5 28
5 34
5 62
5 70
5 89
6 21
6 98
6 22
6 36
6 38
6 45
6 52
6 73
7 64
8 32
9 39
11 40
12 81
12 18
12 42
12 48
12 77
12 84
12 97
13 98
14 20
15 23
15 31
15 87
15 24
15 63
15 91
15 92
15 95
16 21
17 81
19 39
20 98
20 71
20 82
20 23
20 49
20 54
21 76
23 39
23 35
23 25
23 57
23 58
26 79
27 32
29 79
30 31
31 74
31 90
32 79
32 44
32 60
32 68
32 85
33 71
35 37
35 46
35 75
35 80
35 83
39 72
39 94
40 82
40 55
40 66
41 79
43 82
47 87
50 81
51 87
53 82
56 87
59 87
61 79
64 98
64 93
65 87
67 71
69 82
71 79
71 81
71 78
71 86
71 96
87 88
87 99
100 99#2356 out
0 68
1 46
2 12
3 8
4 80
5 46
6 46
7 59
8 43
8 41
8 55
8 64
9 66
10 66
11 43
12 95
12 30
12 15
12 35
12 63
12 69
12 93
13 97
14 30
16 65
16 44
17 59
18 74
19 22
20 59
21 51
22 68
22 43
22 49
22 79
22 91
23 54
24 97
25 54
26 65
27 95
28 97
29 97
29 32
29 58
29 70
30 61
31 96
33 95
34 54
36 96
37 51
38 95
39 74
40 95
42 80
43 95
43 51
43 71
43 85
43 94
45 95
46 74
46 78
47 57
48 74
50 96
51 62
51 67
51 75
52 65
53 97
54 57
54 83
56 66
57 97
57 59
57 81
57 88
57 90
59 68
59 72
59 76
59 77
59 82
60 65
65 80
66 96
66 68
66 98
68 80
73 74
74 96
74 87
80 84
80 86
80 89
92 96
95 99
100 99#2548 out
0 93
1 97
2 13
3 42
4 58
5 67
5 55
5 63
5 91
6 28
7 58
7 22
7 16
7 79
7 84
8 67
8 81
8 11
8 21
8 33
8 60
8 73
8 86
9 67
10 87
12 42
13 87
13 57
14 36
15 67
17 28
18 94
19 75
20 97
20 94
20 87
20 23
20 39
20 65
22 67
22 28
22 94
22 25
22 61
22 98
24 93
26 58
27 93
28 36
28 32
28 43
28 70
28 85
28 95
29 56
30 67
31 81
34 94
35 58
36 69
36 82
36 89
36 90
37 93
38 87
40 93
41 94
42 93
42 71
44 97
45 93
46 75
47 58
48 87
49 81
50 94
51 87
52 93
53 97
54 75
56 87
56 59
56 62
56 72
56 92
64 75
66 94
67 76
67 83
67 99
68 81
74 75
75 81
75 96
77 97
78 93
80 87
81 93
81 88
100 99#2779 out
0 7
1 65
2 99
3 13
4 78
5 86
5 65
5 7
5 38
5 73
6 36
7 30
7 59
7 81
7 91
8 85
9 13
10 78
11 99
12 15
13 72
13 25
13 35
13 58
13 64
14 15
14 23
14 41
14 46
15 99
15 55
15 36
15 72
15 19
15 67
16 36
17 32
18 32
20 86
21 72
22 31
24 86
26 36
27 65
28 89
29 78
29 50
29 66
31 36
31 43
31 87
32 56
32 57
32 92
33 72
34 56
36 89
36 51
37 85
39 65
40 89
42 78
44 55
45 86
47 99
48 89
49 85
52 86
53 55
54 65
55 78
55 79
55 80
56 94
56 99
56 60
56 62
56 63
56 77
61 65
65 72
65 85
65 84
65 93
68 69
69 85
69 76
70 89
71 99
72 75
74 94
78 82
83 94
85 97
86 90
88 89
94 95
94 96
94 98
100 99#2794 out
0 40
0 24
0 47
0 70
1 53
2 80
3 93
4 36
5 71
6 34
7 9
8 81
9 36
9 59
9 76
10 71
11 53
12 53
12 87
12 20
12 31
12 78
12 79
12 96
12 99
13 14
14 95
14 56
14 65
14 66
14 74
15 95
15 16
15 27
15 30
15 46
15 60
17 40
18 36
19 53
21 95
22 93
22 37
22 52
22 58
22 73
22 98
23 36
25 87
26 53
28 40
29 59
32 71
33 87
34 81
34 39
34 68
34 88
35 59
36 87
36 41
36 48
38 80
40 95
40 63
40 86
40 89
42 81
42 93
42 51
42 57
42 94
42 97
43 59
44 80
45 53
49 81
50 87
53 71
53 95
53 72
54 81
55 87
59 81
59 75
59 90
61 87
62 87
64 81
67 80
69 93
71 82
71 85
77 93
80 95
80 83
80 84
80 91
92 95
100 99#2826 out
0 41
1 99
2 41
3 41
4 66
5 15
6 17
7 66
8 35
9 35
9 70
9 91
9 16
9 51
9 80
10 99
11 66
12 99
13 66
14 37
14 98
14 41
14 82
14 26
14 32
14 39
14 62
14 87
15 99
15 70
15 41
15 75
15 76
15 92
17 70
17 46
17 78
17 79
18 70
19 35
20 37
21 91
21 34
21 58
21 60
21 93
21 95
22 53
23 35
24 98
25 41
27 53
28 35
29 70
30 66
31 82
33 98
35 68
35 73
36 70
37 69
37 83
37 84
37 86
38 98
40 98
41 81
41 97
42 82
43 70
44 82
45 82
47 82
48 99
49 70
50 82
52 66
53 66
53 56
53 67
54 99
55 70
57 99
59 91
61 66
63 91
64 99
65 82
66 70
66 71
66 88
70 90
72 82
74 99
77 82
82 96
85 98
89 98
94 98
100 99#2993 out
0 65
0 53
0 33
0 37
0 41
0 48
0 50
0 96
1 82
2 54
3 82
4 52
4 26
4 68
4 42
4 99
5 65
5 10
5 36
5 47
5 61
5 66
5 74
5 77
6 82
7 62
8 68
9 19
11 62
12 45
13 81
14 29
15 52
16 87
17 26
18 81
19 91
19 87
19 43
20 22
21 68
22 91
22 46
22 58
23 81
24 45
25 62
26 32
26 49
26 86
26 94
27 68
28 63
29 52
29 67
29 84
29 89
30 45
31 82
34 54
35 54
38 63
39 65
40 65
44 68
45 65
45 82
45 75
45 78
45 83
51 91
52 62
52 56
52 71
53 59
53 95
54 82
54 69
55 91
57 68
60 91
62 87
62 81
62 70
62 76
63 91
63 73
63 80
63 90
64 68
65 87
65 92
68 72
68 88
79 82
81 85
81 93
82 98
87 97
100 99#3002 out
0 23
0 8
0 37
0 58
1 45
2 65
2 30
2 79
3 83
4 52
5 51
6 29
7 83
7 86
7 41
7 42
7 54
7 71
7 82
9 17
10 53
11 52
12 45
13 29
14 52
15 17
16 64
16 23
16 33
16 59
16 62
16 69
17 83
17 53
17 45
17 31
17 66
17 78
18 64
19 92
20 23
21 86
22 86
23 45
23 52
23 36
23 49
24 52
25 38
26 83
26 43
26 95
26 99
27 65
28 45
29 65
29 39
29 77
29 84
29 85
29 87
32 92
34 51
35 68
38 45
38 55
38 74
38 88
38 89
40 52
44 92
45 48
45 73
45 75
45 91
46 92
47 83
50 51
51 53
51 68
51 56
52 65
52 97
53 92
53 80
53 94
57 86
60 83
61 92
63 68
64 76
64 93
64 98
65 96
67 68
70 83
72 83
81 86
90 92
100 99#3097 out
0 13
1 45
2 8
2 51
2 36
2 4
2 43
2 65
2 70
3 62
4 18
4 23
4 58
4 83
5 62
6 36
7 28
8 14
8 49
8 78
8 98
9 45
10 13
10 62
10 54
10 39
10 59
10 63
10 72
10 97
11 51
12 45
13 28
13 29
13 33
13 60
13 75
13 82
15 52
16 89
17 48
19 48
20 86
21 52
22 32
24 52
25 48
26 51
26 31
26 90
26 93
27 54
28 51
28 76
28 74
28 94
30 52
32 89
32 52
32 48
32 47
32 71
32 88
32 92
34 62
35 54
36 48
36 38
36 41
36 64
36 73
36 80
37 89
40 86
42 52
42 44
42 57
42 96
45 54
46 76
48 69
48 99
50 51
51 91
52 81
53 62
54 68
54 77
55 86
56 62
61 89
62 86
66 76
67 89
76 79
76 87
84 89
85 86
86 95
100 99#3213 out
0 67
0 20
0 43
0 49
0 72
0 98
1 35
2 74
3 81
4 88
5 59
6 74
7 59
7 81
7 73
7 44
7 45
7 61
8 88
9 14
9 15
9 60
9 70
9 71
9 84
10 74
10 69
11 19
12 88
13 14
14 73
14 33
14 38
14 79
14 89
15 93
16 62
17 29
18 81
19 29
19 53
19 55
19 85
19 87
21 59
22 81
23 74
24 91
25 59
26 81
27 29
28 81
29 62
29 30
29 32
29 46
29 56
31 35
34 88
35 74
35 36
37 91
39 91
40 88
40 47
40 52
40 97
41 57
42 62
48 67
50 57
51 62
54 59
57 73
57 65
57 80
57 86
57 99
58 74
59 95
62 67
62 64
62 66
62 83
62 92
63 73
67 91
67 81
67 68
67 76
67 96
73 88
73 74
73 78
73 82
73 94
74 90
75 81
77 91
100 99#3490 out
0 78
1 47
2 48
3 47
3 13
3 5
3 14
3 25
3 28
3 50
3 51
3 72
3 86
4 48
5 37
5 39
5 55
5 68
6 66
7 13
8 15
9 29
10 56
11 91
12 48
13 44
13 78
13 18
15 31
15 21
15 42
16 24
17 66
19 31
20 56
22 66
23 31
24 44
24 36
24 77
24 94
26 56
27 56
29 91
29 31
29 43
29 58
29 61
29 67
29 82
29 84
29 97
30 31
31 56
31 52
31 80
31 95
32 91
33 44
34 56
35 56
35 57
35 63
35 71
35 90
35 93
38 44
40 78
41 91
44 66
44 53
44 62
44 88
45 47
46 91
46 64
46 69
46 76
47 81
47 96
48 91
48 54
48 75
48 89
48 92
48 99
49 66
56 78
56 83
59 78
60 91
65 78
66 73
66 74
66 79
70 78
78 87
78 98
85 91
100 99#3688 out
0 32
1 74
1 38
1 71
1 80
1 93
1 96
2 32
3 91
4 74
5 61
6 27
7 79
8 97
9 61
10 91
11 61
12 91
12 27
12 26
12 31
12 39
12 41
12 43
12 59
12 60
13 68
14 36
15 97
16 68
17 79
18 36
19 61
20 30
21 54
22 97
23 97
24 27
25 36
27 61
27 42
27 73
28 97
29 30
30 36
30 68
30 79
30 61
30 48
32 61
32 33
32 63
32 84
34 54
35 37
36 46
36 53
36 83
36 85
36 86
37 97
37 66
37 76
40 91
44 97
45 97
47 74
49 79
50 79
51 68
52 74
54 91
54 55
54 62
54 65
54 99
56 91
57 74
58 68
61 74
61 67
61 78
61 95
64 91
68 70
68 72
68 75
68 81
69 79
74 97
74 92
77 97
82 97
87 91
88 91
89 91
90 91
91 94
91 98
100 99#3720 out
0 52
1 52
2 69
2 42
2 58
2 82
2 88
2 99
3 73
4 9
5 75
6 52
7 54
8 62
9 62
9 22
9 57
9 63
9 78
10 48
11 62
12 48
12 19
12 72
13 42
14 75
15 56
16 56
17 24
18 62
20 27
21 52
23 48
24 73
24 52
24 56
24 59
24 65
24 84
24 85
25 42
26 56
27 52
27 60
27 97
28 38
29 73
30 54
31 69
32 75
33 42
34 42
35 75
36 73
37 54
38 42
38 79
38 80
38 94
39 52
40 75
41 48
42 73
42 43
42 45
44 73
46 73
47 62
48 56
48 54
48 64
48 70
48 76
48 81
48 83
48 91
49 56
50 52
51 56
52 62
52 55
52 67
53 54
54 92
56 71
56 89
56 95
61 69
62 74
66 73
68 69
69 87
69 96
73 75
73 77
73 90
75 86
75 93
75 98
100 99#3737 out
0 99
1 4
1 84
1 38
1 57
1 3
1 32
1 81
1 86
2 40
4 89
4 27
4 33
4 61
4 97
5 11
5 83
5 91
5 94
6 99
7 84
8 35
9 51
10 57
11 40
11 12
11 75
11 82
13 40
14 49
15 39
16 25
17 40
18 79
19 57
20 45
21 48
22 99
23 49
24 35
24 49
24 57
24 26
24 64
25 57
25 79
25 41
25 42
25 63
25 69
28 58
29 93
30 35
31 37
34 37
35 37
35 36
37 72
37 88
38 54
38 98
39 45
39 44
40 99
40 80
43 58
45 51
45 57
45 47
45 60
45 68
45 71
46 48
48 49
49 67
49 74
49 78
50 93
51 99
51 55
51 70
52 93
53 93
56 79
57 93
57 58
58 59
58 73
62 89
65 99
66 89
76 89
77 84
84 92
84 95
84 96
85 89
87 89
90 99
100 99#4640 out
0 51
1 60
2 28
3 92
4 92
5 67
6 44
7 98
8 97
9 41
9 16
9 97
9 44
9 42
9 75
10 98
11 93
12 92
13 28
14 23
14 44
14 48
15 97
16 91
16 67
16 19
16 21
16 38
16 65
17 43
18 94
20 67
22 93
23 77
24 60
25 94
26 43
27 41
28 92
28 47
28 56
28 78
29 92
30 97
30 74
31 98
32 97
33 35
34 98
35 43
35 53
35 62
35 76
36 68
37 92
39 97
40 68
41 52
41 58
41 69
41 73
41 85
43 92
43 61
43 66
43 81
44 92
44 68
44 79
44 87
45 94
46 93
49 94
50 91
51 67
51 70
51 99
54 60
55 60
57 60
59 67
60 98
60 97
60 94
60 88
63 94
64 93
67 72
67 80
67 82
67 95
71 91
83 98
84 93
86 98
89 91
90 98
93 97
94 96
100 99#4903 out
0 10
1 57
2 78
3 51
4 53
4 11
4 75
5 61
6 45
7 57
8 53
9 52
10 81
10 12
10 99
13 36
14 88
15 53
16 62
17 30
18 25
19 25
20 53
21 81
22 78
23 81
24 57
25 51
25 49
25 59
25 90
25 97
25 98
26 70
27 61
28 62
29 53
30 61
30 31
30 37
30 41
30 58
30 92
32 45
33 79
34 57
34 81
34 63
34 65
34 67
34 72
35 51
36 70
36 47
36 68
36 80
36 95
38 70
39 62
40 70
42 52
43 88
44 51
45 89
45 76
45 82
45 83
45 94
46 79
48 79
50 52
51 78
51 79
51 52
52 88
52 84
53 70
53 62
54 70
55 79
56 81
57 60
57 77
57 93
57 96
61 89
61 64
62 71
62 85
66 78
69 79
70 81
70 73
74 89
78 91
79 89
79 86
81 89
87 89
100 99#4941 out
0 42
1 20
2 71
3 27
3 21
3 5
3 14
3 19
3 46
3 92
3 96
4 55
6 72
7 24
7 62
7 65
7 93
8 80
9 23
10 80
11 12
12 42
12 80
12 51
12 37
12 48
13 36
15 21
16 27
17 51
18 85
20 71
20 24
20 55
20 34
20 43
21 23
21 55
21 75
22 23
23 54
24 29
24 67
24 69
25 58
26 36
27 58
27 30
27 38
27 52
28 58
31 58
32 36
33 55
35 80
36 71
36 70
36 78
36 81
36 83
39 72
40 42
41 58
42 73
42 89
44 55
45 55
47 90
49 55
50 55
51 53
51 61
51 82
51 86
51 97
55 74
55 87
55 91
55 95
56 80
57 90
58 63
58 76
59 72
60 80
64 80
66 80
68 90
71 90
71 80
71 72
71 94
71 98
72 84
77 85
79 80
80 88
85 90
85 99
100 99#5130 out
0 59
1 29
2 17
3 49
4 29
5 61
6 74
7 87
8 57
9 64
9 52
10 97
11 19
12 72
13 81
14 57
15 59
16 74
17 72
17 29
17 30
17 69
17 85
18 57
19 72
19 87
19 44
19 83
19 90
20 84
21 57
22 98
23 92
24 97
25 87
26 29
27 61
28 74
29 60
29 65
29 70
31 34
32 61
33 74
34 92
34 39
34 54
34 58
34 63
35 97
36 72
37 92
38 72
40 92
41 84
42 89
43 89
45 89
46 81
47 57
48 49
49 84
49 68
49 77
50 79
51 87
53 97
55 89
56 59
57 98
57 67
59 97
59 92
59 61
62 64
64 98
64 66
64 91
71 79
72 81
72 92
73 98
74 81
74 84
74 75
74 82
76 89
78 81
79 92
79 94
80 97
81 99
84 89
86 98
87 98
87 93
88 89
95 98
96 97
100 99#5226 out
0 91
1 94
2 90
3 91
4 87
5 66
5 55
5 94
5 26
5 38
5 58
5 93
6 81
7 81
8 56
9 66
10 81
11 91
12 87
13 32
14 66
15 32
15 55
15 30
15 60
15 84
15 92
15 99
16 65
17 65
18 28
19 87
20 56
21 55
22 55
23 81
24 91
25 65
27 81
28 36
28 29
31 96
33 56
34 64
35 83
36 83
36 55
36 81
36 43
36 71
36 73
36 80
36 98
37 94
39 94
40 96
41 55
42 72
44 56
45 90
46 83
47 66
48 65
49 83
50 64
51 72
52 55
53 90
54 94
55 74
56 90
56 75
56 95
57 83
59 81
61 90
62 72
63 64
64 90
64 91
64 96
64 70
64 79
65 72
65 97
67 81
68 87
69 96
72 94
72 76
77 83
78 83
82 94
83 85
86 94
87 90
88 91
89 94
90 94
