50 106#desc=bimodal p1=11.929874470136726 p2=4.665411674846242 std=1.5326467202849976, r=0.2799244786482632; diff=-1
0 43
0 18
1 14
1 15
1 4
1 8
1 20
2 21
2 23
2 34
3 32
3 30
3 20
4 16
4 29
4 36
5 41
5 14
5 32
6 36
6 25
6 44
7 33
7 12
7 40
7 36
7 21
7 17
8 16
8 22
9 37
9 39
10 49
10 40
11 17
11 14
11 12
12 19
12 33
12 25
12 42
12 28
13 27
13 32
14 30
14 25
14 21
14 26
15 18
16 33
16 30
16 38
16 35
16 28
17 28
17 49
17 41
17 21
17 38
18 40
18 46
18 47
18 21
19 28
19 42
20 42
21 47
21 35
22 24
23 30
23 48
24 30
24 32
25 44
26 33
26 34
27 32
28 43
28 47
28 41
29 42
29 44
29 38
30 40
30 45
31 32
31 43
31 48
32 46
33 40
33 35
35 43
35 49
35 44
37 48
37 38
38 44
38 49
38 47
39 42
40 43
42 45
43 45
43 49
46 49
47 49
50 65#desc=bimodal p1=11.24782722701415 p2=2.4366319146023567 std=4.3863393712811245, r=0.021312282266697347; diff=-1
0 26
0 25
0 45
0 8
1 22
1 19
2 15
2 36
3 39
3 17
4 32
4 28
5 35
5 20
6 27
6 12
6 22
6 28
7 23
7 11
7 12
7 33
7 31
8 47
9 16
9 49
9 36
9 22
10 38
10 29
11 13
13 17
13 14
13 20
14 25
15 42
15 37
15 46
15 23
16 30
18 41
18 40
18 43
18 49
19 44
20 22
20 45
20 33
21 48
21 24
22 31
23 30
23 44
23 49
24 35
25 44
26 43
27 42
28 41
29 32
31 38
34 39
34 37
40 47
46 48
50 101#desc=bimodal p1=9.359036951980453 p2=6.599803321546401 std=1.6219145543382538, r=0.43608143400409705; diff=-1
0 35
0 7
0 45
0 12
0 20
0 32
1 33
1 11
1 8
1 13
1 30
2 13
2 45
2 26
3 38
3 21
3 16
3 34
4 49
4 32
4 5
4 39
5 26
5 33
5 47
6 28
6 17
6 10
6 9
7 17
7 29
7 34
8 37
8 21
9 35
9 28
9 23
10 44
10 16
10 27
10 15
11 15
11 43
11 33
11 22
12 28
12 42
13 45
13 40
13 44
14 19
14 41
14 16
14 25
15 32
15 17
16 47
17 44
17 19
18 37
18 22
18 43
19 27
19 44
20 35
20 33
20 42
20 41
21 47
21 33
21 36
22 27
22 24
23 49
24 49
24 40
24 39
24 36
25 49
25 31
26 48
26 29
27 46
28 32
30 34
31 47
31 43
31 42
31 38
34 40
35 36
37 39
38 46
39 43
40 48
40 43
41 48
41 45
41 44
43 46
43 47
50 69#desc=bimodal p1=3.7807081585778204 p2=4.924492068447922 std=4.558420883552612, r=0.808704966332458; diff=-1
0 3
0 24
1 47
1 5
2 17
2 30
3 43
4 23
4 42
5 32
5 14
5 33
5 6
5 15
5 49
5 7
5 39
6 19
6 14
7 29
7 41
8 49
8 26
8 31
9 39
9 17
9 16
10 13
10 46
11 35
11 38
12 44
12 27
13 20
14 37
14 15
15 25
15 28
15 19
16 33
16 45
16 35
17 44
18 42
18 44
19 27
20 38
21 39
21 45
22 35
22 34
23 39
24 29
25 48
26 29
28 45
28 49
29 32
29 40
29 41
30 45
31 35
34 46
36 46
36 41
37 38
38 40
38 43
47 48
50 72#desc=bimodal p1=9.607767182504343 p2=2.7196560781141335 std=4.265221097486384, r=0.022991154180628137; diff=-1
0 38
0 8
1 13
1 6
1 29
1 5
2 28
2 23
3 9
3 41
4 22
4 10
4 6
4 33
5 43
5 47
5 11
5 7
5 25
5 14
6 39
6 20
6 31
6 19
6 37
7 20
8 49
8 14
8 40
9 25
10 12
10 19
11 30
12 26
12 44
13 16
14 46
14 48
14 24
15 49
15 18
15 28
15 24
16 41
17 32
17 48
18 34
20 21
20 48
21 24
22 42
23 41
24 27
26 36
27 48
28 29
28 41
30 42
30 41
31 40
32 43
33 41
34 46
34 43
35 36
35 45
37 48
38 47
39 44
43 45
43 46
44 46
50 73#desc=bimodal p1=4.68576173004855 p2=3.1910890286227644 std=3.724175665034978, r=0.6752629903205828; diff=-1
0 25
0 38
0 15
0 40
0 12
1 21
1 22
2 19
2 8
3 12
3 40
4 29
4 20
5 48
5 35
6 8
6 7
6 36
6 48
6 12
7 11
7 48
7 39
9 27
9 33
9 23
10 47
10 14
10 31
11 16
11 44
11 37
12 35
12 34
13 24
13 31
14 44
14 46
14 45
14 18
15 33
16 46
17 28
17 37
18 47
19 20
19 43
20 21
20 39
20 49
21 42
22 32
23 36
24 34
25 27
26 46
26 39
27 34
28 49
29 32
29 30
29 48
30 34
32 40
34 36
34 42
35 45
38 40
39 46
39 48
41 44
41 42
43 48
50 82# diff=-1
0 29
0 1
0 9
1 23
2 37
2 24
2 21
3 18
3 8
4 13
4 30
4 25
4 9
5 17
5 6
5 40
6 31
7 47
7 34
8 48
8 28
10 31
10 19
10 24
10 30
11 17
11 44
11 31
11 47
12 37
12 14
12 23
12 43
13 16
13 29
14 48
14 38
15 26
15 27
15 30
15 46
16 43
16 28
16 27
17 39
17 32
19 35
19 41
20 33
20 27
21 31
21 36
22 46
22 27
22 49
23 35
23 32
23 39
24 31
24 27
25 48
25 36
26 34
26 38
27 45
28 40
29 32
30 43
32 33
32 49
33 46
35 42
35 47
36 43
36 40
37 46
41 42
42 45
43 48
44 49
44 47
45 47
50 83# diff=-1
0 48
0 1
0 49
0 26
1 46
1 35
1 39
1 16
2 32
2 44
2 23
2 26
3 28
3 30
3 24
3 41
4 31
4 39
5 49
5 48
6 16
6 18
7 25
7 13
8 28
8 41
8 31
8 42
9 21
9 18
9 40
10 49
10 42
10 16
10 19
11 45
11 24
11 20
11 30
12 29
12 47
12 33
13 15
13 37
14 32
14 47
15 38
15 22
16 27
16 44
17 32
17 36
17 28
18 19
18 36
19 22
19 46
20 31
20 43
20 33
21 28
21 35
22 30
23 43
23 40
24 38
27 29
27 47
27 41
29 35
31 39
32 48
32 41
33 40
33 43
34 45
34 36
35 45
36 46
37 42
39 49
40 45
42 45
50 80# diff=-1
0 47
0 12
0 26
1 49
1 44
1 25
1 3
2 22
2 48
2 27
3 24
4 11
4 35
4 6
5 12
5 38
5 13
6 14
6 19
6 20
7 32
7 42
7 16
8 42
8 38
8 10
9 24
9 44
10 23
11 49
12 15
12 18
13 16
13 46
13 33
13 21
14 17
15 30
17 40
17 28
18 29
18 31
19 43
20 34
21 26
21 30
21 45
22 25
22 27
22 33
22 38
23 26
23 40
23 46
24 25
24 39
25 49
25 37
26 27
27 47
28 33
28 43
28 34
29 33
29 41
29 34
30 43
30 49
31 48
31 36
32 38
32 46
33 46
35 43
36 48
37 41
37 48
39 44
42 45
45 48
50 84# diff=-1
0 31
0 13
0 41
0 14
0 3
1 45
1 8
1 22
2 25
2 42
2 36
2 37
3 35
3 48
4 44
4 25
4 27
4 8
4 9
5 11
5 17
5 35
5 49
5 12
6 19
6 44
6 29
7 23
7 26
7 14
9 28
9 16
10 44
10 24
10 26
10 34
11 43
11 45
12 19
12 16
12 49
13 15
13 31
13 39
14 36
14 46
14 43
15 47
15 46
16 18
16 46
17 28
18 38
18 33
19 44
19 34
20 39
20 37
21 30
21 40
21 36
21 27
21 25
22 27
23 32
23 41
24 35
24 42
25 32
25 43
26 31
28 36
28 49
30 32
30 48
30 47
31 37
31 43
32 33
33 42
38 47
39 49
40 46
41 44
50 83# diff=-1
0 9
0 16
0 37
0 14
1 38
1 2
1 25
1 17
2 18
2 7
2 33
3 43
3 30
3 9
3 27
4 47
4 21
5 22
5 6
6 39
6 9
6 43
7 45
7 28
7 49
8 25
8 29
9 31
10 33
10 49
11 13
11 47
12 30
12 14
12 37
12 16
13 40
13 24
13 14
14 41
15 17
15 46
15 20
15 45
15 30
16 40
17 42
18 32
18 36
18 21
19 33
19 48
19 23
20 41
20 43
20 23
21 22
21 38
22 39
23 36
23 29
24 25
26 28
26 42
26 46
26 47
27 44
28 42
28 29
29 31
30 41
31 36
31 43
31 34
32 34
33 36
33 46
35 44
35 38
38 41
38 40
39 49
44 48
50 85# diff=-1
0 37
0 25
0 5
0 17
1 11
1 9
1 48
2 24
2 21
2 32
3 5
3 40
4 41
4 31
4 17
4 38
5 14
6 36
6 28
6 48
6 30
7 42
7 27
7 25
8 25
8 10
8 16
8 37
9 39
9 16
9 27
9 46
10 47
10 41
10 45
11 47
12 40
12 23
12 49
12 20
13 22
13 40
13 26
14 31
15 39
15 27
15 37
16 38
17 39
17 34
18 45
18 43
18 22
18 26
19 24
19 20
19 35
20 45
21 23
21 43
21 46
22 36
22 32
23 24
23 34
24 30
24 43
25 39
26 34
26 46
26 33
29 45
29 48
29 46
30 32
30 36
32 41
33 37
33 38
35 44
37 39
38 47
42 48
43 44
47 49
50 85# diff=-1
0 39
0 10
0 3
0 26
0 22
1 11
1 29
1 15
1 47
2 43
2 49
2 16
2 35
3 13
3 43
4 16
4 35
4 43
4 34
4 31
5 9
5 43
5 36
5 28
5 46
6 7
6 19
6 9
7 19
7 12
7 30
8 13
8 39
8 27
8 10
9 21
9 42
10 36
11 32
11 27
11 13
12 30
12 17
13 14
14 41
14 42
16 17
17 38
17 37
18 33
18 45
18 48
18 23
19 35
19 26
20 40
20 31
21 36
22 44
22 28
22 38
22 30
23 46
24 45
24 37
25 47
25 29
26 33
26 49
26 34
27 44
29 37
29 46
30 45
31 34
32 43
33 49
34 44
35 44
36 37
36 40
38 45
38 48
42 47
45 49
50 83# diff=-1
0 18
0 6
0 28
1 41
1 32
1 19
2 13
2 43
3 7
3 39
3 40
4 37
4 7
4 33
4 23
5 11
5 7
6 10
6 20
6 15
7 42
7 35
7 45
8 45
8 27
9 19
9 43
9 30
9 42
10 16
10 46
11 47
11 25
12 27
12 45
12 48
12 20
13 22
13 34
13 26
14 32
14 17
15 34
15 31
15 26
15 49
16 30
16 41
16 19
17 46
18 25
18 39
20 35
21 37
21 36
22 44
23 28
23 46
23 49
24 47
24 33
25 41
25 36
26 46
27 42
27 38
27 37
28 45
28 33
29 30
29 34
29 31
29 49
30 44
31 38
31 40
34 40
36 45
36 48
37 44
37 45
40 41
43 47
50 87# diff=-1
0 31
0 30
0 45
0 43
1 42
1 18
1 27
1 6
1 37
2 14
2 13
2 15
3 49
3 48
3 45
4 28
4 34
4 12
5 47
5 7
5 40
6 31
6 26
7 22
7 18
8 20
8 41
8 44
8 15
9 41
9 43
9 13
9 34
9 35
10 15
10 21
10 44
11 14
11 41
12 39
12 40
13 42
14 43
16 35
16 32
16 46
16 48
17 31
17 33
18 46
19 38
19 41
19 24
20 32
21 38
21 36
21 47
21 35
22 23
22 32
23 40
23 26
23 48
24 44
24 30
25 27
25 28
25 26
26 34
26 39
27 45
27 33
28 29
29 41
29 30
29 44
31 48
32 33
35 47
36 38
36 49
37 42
38 46
39 45
39 47
40 42
44 46
50 82# diff=-1
0 13
0 26
0 25
0 9
1 25
1 5
1 6
2 35
2 47
3 30
3 45
3 8
4 14
4 37
4 31
4 38
5 11
5 7
6 7
7 10
7 25
8 18
8 40
9 12
9 49
10 11
10 26
10 42
11 19
12 40
12 33
12 41
13 36
13 43
13 32
14 44
14 42
15 31
15 21
15 49
15 20
15 47
16 18
16 45
16 39
17 42
17 30
18 36
19 35
19 48
19 43
20 43
20 37
20 44
21 43
21 48
22 24
22 45
22 35
22 39
23 27
23 43
24 44
24 32
24 49
26 46
27 49
28 48
28 41
29 36
29 44
30 35
30 34
31 42
32 47
33 38
33 39
34 43
34 38
36 39
36 37
46 47
50 80# diff=-1
0 6
0 5
0 47
1 46
1 31
1 47
1 40
2 26
2 20
2 32
3 10
3 35
3 23
4 43
4 33
4 12
4 18
5 22
5 17
6 16
7 42
7 10
8 24
8 29
8 18
8 40
8 45
8 23
9 35
9 38
10 11
10 25
11 49
11 36
12 43
13 15
13 49
13 47
13 41
14 34
14 17
14 26
15 41
15 17
16 46
16 40
16 17
17 31
18 20
19 28
19 40
19 43
20 28
21 47
21 25
21 45
21 27
22 31
22 23
22 24
23 30
24 34
25 35
27 37
28 30
28 38
28 49
29 48
29 36
32 48
33 39
34 46
35 47
37 42
37 44
38 43
39 45
40 43
44 48
45 46
50 85# diff=-1
0 7
0 3
0 21
1 37
1 10
2 48
2 44
2 36
2 16
3 45
3 20
4 25
4 30
4 33
4 44
4 29
5 48
5 28
5 18
6 14
6 26
6 20
7 26
7 14
8 41
8 35
8 44
8 10
9 21
9 37
10 29
11 42
11 32
11 26
12 34
12 20
13 40
13 24
13 46
13 31
14 28
14 23
15 24
15 32
15 30
16 31
16 39
16 19
17 24
17 38
17 19
18 27
18 29
19 45
19 28
21 47
21 23
22 45
22 27
22 35
23 40
23 49
23 25
24 40
25 49
25 33
25 47
27 37
27 49
28 49
29 35
30 36
30 48
32 43
33 46
34 47
35 45
35 41
36 41
38 42
38 43
38 48
39 44
43 45
43 48
50 89# diff=-1
0 14
0 33
1 13
1 42
1 33
2 47
2 30
2 21
3 46
3 30
3 26
3 9
4 29
4 24
4 20
5 33
5 45
6 7
6 19
7 34
7 16
7 22
8 9
8 31
9 41
9 40
10 27
10 32
10 20
10 43
11 18
11 36
11 49
11 35
11 42
12 36
12 16
12 35
13 21
14 17
14 48
15 49
15 38
15 42
15 17
16 18
16 21
16 27
17 42
17 19
17 20
17 30
18 40
18 27
18 49
19 31
19 49
19 45
20 37
21 26
23 44
23 29
23 33
24 47
25 37
25 29
26 35
26 46
28 40
28 47
29 34
29 39
30 46
30 48
31 36
32 39
32 34
32 38
32 36
34 41
35 47
36 39
38 48
38 43
38 45
39 43
41 43
42 48
44 47
50 81# diff=-1
0 7
0 8
0 47
0 44
1 15
1 2
2 45
2 47
3 43
3 41
3 38
3 29
4 15
4 18
4 32
4 10
5 30
5 17
5 46
6 36
6 14
6 44
7 18
7 16
8 47
9 34
9 48
9 25
10 23
11 21
11 38
12 31
13 31
13 39
14 16
14 15
15 20
16 24
16 20
16 40
16 39
17 43
17 32
17 40
18 29
18 19
18 47
19 34
19 22
20 37
21 43
21 22
22 31
22 35
23 26
23 31
24 45
25 31
25 35
26 48
26 41
27 33
27 29
28 30
28 41
28 35
29 45
29 32
30 42
30 38
32 42
33 47
33 36
35 45
37 46
37 47
37 44
38 41
39 40
44 49
48 49
50 81# diff=-1
0 41
0 16
0 32
0 43
1 12
1 42
1 32
2 47
2 34
2 20
2 5
3 38
3 24
3 40
4 8
4 26
5 22
5 9
6 40
6 18
7 45
7 20
8 48
8 21
9 36
10 29
10 27
10 28
10 21
11 15
11 17
11 36
12 24
12 39
13 37
13 30
13 28
13 32
14 22
14 44
14 48
15 33
15 41
15 23
16 38
16 40
16 32
17 34
17 39
17 23
18 44
18 22
19 25
19 46
20 48
20 47
21 45
22 32
23 33
23 34
23 41
23 30
24 34
24 30
26 48
27 31
27 37
27 43
28 35
28 36
29 34
29 46
29 38
30 49
31 49
35 48
36 47
37 38
38 43
38 44
45 46
50 164# diff=-1
0 30
0 8
1 16
1 22
1 23
1 47
1 13
1 31
1 6
1 44
1 24
2 14
2 16
2 10
3 16
3 6
3 10
3 27
3 31
3 45
3 19
4 39
4 25
4 35
4 30
4 5
4 40
5 25
5 24
5 20
5 16
6 39
6 10
6 14
6 37
6 34
7 16
7 8
7 11
7 36
7 25
8 41
8 16
8 26
8 25
8 20
8 30
9 32
9 47
9 20
9 21
9 33
9 31
9 28
9 29
10 46
10 13
10 30
10 48
10 21
10 11
10 17
10 18
10 28
11 40
11 34
11 39
11 47
11 23
11 49
11 46
12 27
12 16
12 38
13 17
13 16
13 24
13 33
13 41
14 27
14 39
15 42
15 40
16 48
16 26
16 30
16 22
16 36
16 45
17 31
17 35
17 40
17 37
17 48
18 33
18 32
18 49
18 30
19 46
19 36
19 20
19 38
19 24
19 23
19 48
19 31
19 27
20 35
20 41
20 47
20 31
20 40
21 31
21 46
21 23
21 28
21 33
22 36
22 26
22 32
22 31
22 48
23 47
25 45
25 46
26 48
26 49
26 27
27 45
28 36
28 31
28 40
29 46
30 45
30 41
31 32
32 43
32 48
32 46
32 37
32 47
32 49
32 34
33 42
33 37
34 46
34 36
34 37
35 45
36 47
36 40
36 43
36 41
37 38
38 41
38 48
38 47
39 44
39 40
40 45
40 43
45 48
46 48
47 49
50 155# diff=-1
0 5
0 46
1 22
1 32
1 2
2 34
2 3
2 5
3 9
3 42
3 6
3 5
3 22
3 49
3 16
3 21
3 32
3 38
4 22
4 8
4 48
4 49
4 35
4 36
4 16
4 18
5 47
5 28
5 32
5 7
5 30
5 48
5 27
5 49
5 40
5 20
6 41
6 20
6 47
6 37
6 33
6 43
6 42
6 14
6 23
6 12
6 38
7 49
7 12
7 36
7 48
7 38
7 18
7 21
7 13
7 47
7 44
8 23
8 19
8 46
8 16
8 35
8 48
9 26
9 21
9 38
9 13
9 31
9 28
9 47
9 41
9 22
9 14
10 31
10 30
11 40
11 21
11 25
12 29
12 49
13 39
13 28
13 43
14 26
14 39
14 23
15 29
15 25
16 28
16 35
16 29
17 22
17 39
17 28
17 23
17 29
18 28
18 42
18 35
19 26
20 36
20 23
21 47
21 36
21 46
21 41
22 23
22 32
22 29
22 42
22 44
22 27
23 29
23 31
23 48
23 26
23 49
23 27
24 42
24 37
25 41
25 45
25 34
26 44
26 49
26 33
26 43
26 29
26 27
28 33
29 46
29 47
30 36
30 39
30 42
30 32
30 35
30 44
31 40
32 38
33 36
35 48
35 44
36 40
36 46
40 44
40 46
40 42
41 47
42 46
43 48
43 47
45 46
47 48
48 49
50 177# diff=-1
0 40
0 45
0 2
0 1
0 12
1 34
1 6
1 44
1 49
1 45
1 43
1 27
1 5
1 12
2 38
2 49
2 22
3 13
3 17
3 30
3 28
3 33
3 36
3 46
3 5
4 30
4 32
4 25
4 35
4 18
4 42
4 26
4 12
4 29
5 49
5 32
5 23
5 22
5 25
6 48
6 38
6 23
6 10
6 20
7 8
7 34
8 48
9 45
9 44
9 26
9 40
9 24
9 21
9 22
10 45
10 25
10 34
10 13
11 49
11 41
12 35
12 49
12 44
12 43
12 28
12 26
12 42
12 14
12 40
13 30
13 48
13 38
13 37
13 43
13 36
14 16
14 23
14 34
15 20
15 28
15 17
15 39
15 42
15 37
15 23
15 25
16 46
16 43
16 29
16 41
17 43
17 40
17 22
17 29
18 23
18 26
18 32
19 20
19 32
19 49
19 34
19 29
20 42
20 45
20 41
20 29
20 36
20 35
21 47
21 27
21 26
21 40
21 31
21 48
22 45
22 36
22 33
23 37
23 29
24 38
24 43
24 47
24 46
24 48
25 35
25 47
25 40
25 34
25 43
25 27
25 36
26 47
26 35
27 48
27 46
28 42
28 46
28 48
28 45
28 33
28 44
29 40
29 34
29 38
29 39
29 41
30 41
30 43
30 48
30 39
30 36
31 35
32 36
32 33
33 34
33 43
33 48
34 38
34 44
34 41
34 40
35 48
35 43
35 49
36 37
36 39
36 46
37 47
37 38
37 39
39 45
39 42
41 42
43 44
44 48
46 48
48 49
