80 197#desc=bimodal p1=4.744293221634124 p2=6.663685399214847 std=3.7983153544250716, r=0.9996783027256301; diff=2
0 32
0 27
0 24
0 69
1 73
1 57
1 5
1 53
2 25
2 62
2 47
2 75
2 42
3 9
3 71
3 41
3 58
3 17
3 22
3 42
3 30
3 69
3 68
4 19
4 24
5 20
5 74
5 8
6 69
6 56
6 58
6 14
6 72
7 33
7 57
7 49
7 61
7 14
7 27
7 37
7 73
7 64
7 48
8 55
8 42
8 71
8 65
8 53
8 43
8 34
8 11
8 75
8 27
9 42
10 55
10 41
11 22
11 36
11 71
12 72
12 34
12 33
12 53
12 16
13 73
13 51
13 44
13 16
13 18
13 21
13 56
13 55
14 36
14 38
15 52
15 24
15 74
15 58
15 29
16 50
16 59
16 66
16 57
16 67
17 77
17 69
18 38
18 33
18 73
18 77
18 69
18 21
19 66
19 42
19 22
19 39
19 33
20 28
20 78
20 75
20 35
21 60
21 52
21 37
21 33
21 66
21 53
22 69
22 28
22 51
22 65
22 59
23 29
23 24
24 66
24 51
24 55
25 61
25 79
25 49
25 60
25 34
26 38
26 72
27 48
27 50
27 56
27 42
28 37
29 39
29 47
30 35
30 42
30 51
31 40
31 70
32 71
32 40
32 61
32 74
32 33
32 57
33 54
33 52
33 73
33 67
33 35
34 45
34 39
35 51
35 53
36 72
37 73
37 50
37 57
38 42
38 73
38 55
39 53
39 66
40 69
40 66
40 57
42 58
42 73
42 75
43 75
44 64
45 62
46 70
46 74
47 59
47 71
47 53
48 61
50 76
50 63
51 73
53 59
54 75
56 69
58 66
58 79
58 75
58 61
59 75
59 79
59 69
61 68
63 75
64 66
69 71
71 79
71 76
72 78
73 74
73 79
