100 99#THISFILE.out
0 4
0 20
0 50
0 70
0 40
0 5
0 2
0 7
1 4
3 5
4 6
5 8
6 9
10 40
10 15
10 14
10 12
11 14
13 15
14 16
14 17
15 18
16 19
20 24
20 25
21 24
22 24
23 25
24 26
24 27
25 28
26 29
30 34
30 90
30 35
31 34
32 35
33 35
34 36
35 38
36 37
36 39
40 44
40 45
40 60
40 42
41 44
43 45
44 46
44 47
45 48
46 49
50 55
50 54
51 54
52 55
53 55
54 56
54 57
55 58
56 59
60 65
60 90
60 64
61 64
62 65
63 65
64 66
64 67
65 68
66 69
70 74
70 75
71 74
72 75
73 75
74 76
75 78
76 77
76 79
80 90
80 85
80 84
80 82
81 84
83 85
84 86
84 87
85 88
86 89
90 94
90 95
90 92
91 94
93 95
94 96
95 97
95 98
96 99
100 99#THISFILE.out
0 4
0 20
0 50
0 70
0 40
0 5
0 2
0 7
1 4
3 5
4 6
5 8
6 9
10 40
10 15
10 14
10 12
11 14
13 15
14 16
14 17
15 18
16 19
20 24
20 25
21 24
22 24
23 25
24 26
24 27
25 28
26 29
30 34
30 90
30 35
31 34
32 35
33 35
34 36
35 38
36 37
36 39
40 44
40 45
40 60
40 42
41 44
43 45
44 46
44 47
45 48
46 49
50 55
50 54
51 54
52 55
53 55
54 56
54 57
55 58
56 59
60 65
60 90
60 64
61 64
62 65
63 65
64 66
64 67
65 68
66 69
70 74
70 75
71 74
72 75
73 75
74 76
75 78
76 77
76 79
80 90
80 85
80 84
80 82
81 84
83 85
84 86
84 87
85 88
86 89
90 94
90 95
90 92
91 94
93 95
94 96
95 97
95 98
96 99
