50 233#desc=bimodal p1=24.37045621379937 p2=14.570185532178204 std=3.4546494983825737, r=0.3933774825809354; diff=1
0 26
0 24
0 9
0 35
0 16
0 19
0 34
0 12
0 22
0 8
0 45
0 36
0 37
0 40
1 31
1 30
1 37
1 17
1 48
1 49
1 25
1 11
1 2
2 46
2 37
2 25
2 19
2 27
2 14
2 34
2 29
2 49
2 26
3 33
3 5
3 48
3 31
3 11
3 30
3 45
3 18
4 19
4 6
4 15
4 40
4 28
5 9
5 34
5 18
5 17
5 10
5 14
6 25
6 8
6 22
6 11
6 32
6 26
6 46
6 29
6 49
6 36
7 8
7 32
7 13
7 24
8 22
8 15
8 33
8 35
8 30
8 20
8 38
8 48
8 36
9 45
9 44
9 16
9 42
9 10
9 17
10 31
10 12
10 21
10 46
10 14
10 16
10 28
10 30
10 26
10 43
11 45
11 20
11 14
11 37
11 27
12 43
12 16
12 30
12 35
12 41
12 47
12 18
13 19
13 29
13 27
13 33
14 28
14 37
14 36
14 26
14 17
14 18
14 46
14 44
14 19
14 38
15 19
15 27
15 49
16 36
16 37
16 47
16 48
17 32
17 26
17 29
17 33
17 49
17 23
17 40
17 43
17 47
17 31
18 27
18 33
18 35
18 43
18 41
18 36
18 48
18 37
18 31
18 46
18 28
19 44
19 42
19 29
19 48
19 46
19 33
19 35
20 47
20 48
20 37
21 35
21 40
21 46
21 39
22 48
22 49
22 24
22 26
22 35
22 27
22 47
23 26
23 35
23 24
24 42
24 48
24 44
24 28
24 41
24 36
25 49
25 42
25 36
25 34
25 41
25 43
26 46
26 29
26 43
26 35
27 48
27 40
27 28
27 32
27 38
28 32
28 42
28 49
29 39
29 49
29 47
29 31
29 44
30 49
30 40
30 42
31 43
31 37
31 36
31 42
32 34
32 37
32 38
33 43
33 49
33 48
33 40
34 47
34 40
34 37
34 35
35 44
35 42
37 48
37 45
38 39
38 42
38 46
39 44
39 43
40 41
41 49
42 48
42 44
42 49
43 47
44 45
45 46
50 185#desc=bimodal p1=13.313525914006414 p2=20.863345963017235 std=2.706565240559956, r=0.907952021239234; diff=1
0 49
0 3
0 25
0 8
0 14
0 9
0 34
1 36
1 17
1 10
1 49
1 6
1 15
1 27
2 41
2 18
2 26
2 21
2 24
2 35
3 41
3 35
3 8
3 29
3 19
3 31
4 48
4 14
4 45
4 36
4 5
4 12
4 21
4 16
4 43
4 8
5 9
5 17
5 8
5 39
5 25
5 32
5 45
5 31
6 35
6 17
6 48
6 8
6 32
7 23
7 16
7 36
7 25
7 9
7 15
7 30
7 12
8 30
8 45
8 19
8 27
8 20
9 14
9 45
9 10
9 43
9 13
9 37
9 22
9 32
9 27
10 35
10 12
10 24
10 15
10 18
11 21
11 36
11 23
11 46
11 15
11 44
11 19
12 25
12 39
12 13
12 34
12 40
13 46
13 40
13 26
13 28
14 47
14 32
14 19
14 35
14 30
15 22
15 35
15 48
15 44
15 49
16 47
16 40
16 30
16 24
17 33
17 46
17 21
17 37
17 41
18 46
18 27
18 23
18 20
18 24
18 30
19 39
19 27
19 26
19 21
19 46
20 23
20 29
20 49
20 46
20 27
20 33
21 39
21 25
22 34
22 37
22 24
22 40
23 37
23 26
23 43
23 48
24 38
24 27
25 41
26 48
26 47
27 40
27 30
27 49
27 38
28 30
28 38
28 39
28 29
29 36
29 44
29 46
30 48
30 33
30 40
31 49
31 42
31 36
31 45
32 48
32 42
32 49
32 45
33 49
33 44
34 36
35 48
35 49
35 43
36 45
36 44
37 38
38 49
39 40
39 43
41 46
41 42
42 47
42 49
42 45
43 49
44 47
44 48
50 210#desc=bimodal p1=17.022509702077706 p2=14.914575854003314 std=1.0228006752152905, r=0.6423187106104343; diff=1
0 48
0 44
0 18
0 27
0 20
0 14
0 21
0 13
0 3
1 6
1 30
1 49
1 42
1 24
1 17
1 29
1 47
2 47
2 43
2 22
2 17
2 4
2 27
2 14
2 19
3 8
3 36
3 37
3 43
3 39
3 19
3 18
4 31
4 43
4 25
4 19
4 34
4 47
4 40
4 24
4 6
5 24
5 42
5 41
5 47
5 13
5 22
5 19
5 40
6 23
6 8
6 14
6 7
6 47
6 40
7 8
7 20
7 29
7 27
7 37
7 36
7 22
7 42
8 44
8 41
8 49
8 37
8 48
8 15
9 30
9 45
9 26
9 18
9 38
9 42
9 39
9 32
9 46
10 27
10 46
10 12
10 28
10 20
10 34
10 45
10 11
11 48
11 33
11 46
11 21
11 26
11 38
12 17
12 28
12 36
12 31
12 21
12 33
12 46
12 20
13 22
13 38
13 31
13 33
13 15
13 49
14 34
14 29
14 40
14 20
14 17
15 28
15 19
15 30
15 27
15 45
15 47
15 35
16 18
16 23
16 20
16 39
16 26
16 31
16 35
16 32
16 21
17 35
17 25
17 42
17 23
18 26
18 48
18 32
18 38
18 23
19 34
19 41
19 22
19 30
20 26
20 38
20 46
20 40
21 34
21 47
21 31
21 30
21 44
22 30
22 29
22 40
23 38
23 35
23 27
24 39
24 44
24 25
24 35
25 28
25 42
25 35
25 34
25 29
26 39
26 31
26 35
26 36
27 44
27 46
27 29
28 41
28 33
28 32
28 43
29 48
29 45
29 40
29 36
30 38
30 46
31 44
31 33
32 43
32 36
32 44
33 39
33 46
34 49
34 41
35 36
36 48
36 45
37 38
37 46
37 41
37 43
37 49
38 40
39 47
39 49
40 44
41 48
41 45
42 43
42 47
43 49
44 45
45 49
46 48
50 194#desc=bimodal p1=22.335354822768167 p2=14.56232026180293 std=3.769449092968818, r=0.2007120865041605; diff=1
0 49
0 10
0 42
0 24
0 11
0 37
0 31
0 32
1 8
1 44
1 7
1 46
1 39
1 12
1 35
1 47
2 8
2 22
2 12
2 33
2 34
2 7
2 44
2 19
2 46
2 40
2 30
2 43
3 46
3 26
3 20
3 35
3 47
4 40
4 24
4 22
4 6
4 11
4 18
5 25
5 38
5 49
5 31
5 15
6 43
6 46
6 40
6 48
6 41
6 49
7 23
7 46
7 38
7 40
7 13
8 16
8 39
9 23
9 11
9 18
9 49
9 35
9 20
9 38
9 25
9 13
10 32
10 14
10 16
10 42
10 18
10 30
10 35
11 28
11 16
11 34
11 49
11 21
11 15
12 44
12 27
12 47
12 13
12 26
12 49
13 16
13 35
13 45
13 29
13 40
13 19
13 18
13 22
14 44
14 41
14 23
14 46
14 40
15 42
15 45
15 41
15 23
16 44
16 20
16 25
16 39
17 48
17 37
17 39
17 30
18 22
18 33
18 34
19 26
19 21
19 49
19 34
19 47
19 41
19 40
19 44
20 47
20 36
20 29
20 24
20 32
20 39
21 26
21 37
21 47
21 48
21 35
21 28
21 49
22 48
22 38
22 30
22 47
22 42
23 24
23 44
23 36
23 46
23 31
23 37
24 32
24 37
24 40
24 25
24 28
25 26
25 37
25 27
25 29
26 45
26 28
26 30
26 49
27 33
27 28
27 41
27 48
27 36
28 49
28 30
28 29
29 35
29 40
29 30
30 46
30 31
30 47
30 44
30 48
30 49
31 36
31 40
31 48
32 42
32 44
33 43
33 44
33 37
33 42
35 47
35 43
36 45
38 46
41 48
42 43
45 46
47 49
47 48
48 49
50 153#desc=normal; diff=1
0 4
0 8
0 35
0 44
0 16
0 20
0 12
0 9
0 24
0 46
1 32
1 17
2 20
2 21
2 15
2 46
2 24
2 6
3 41
3 45
3 48
3 27
4 14
4 20
4 23
4 31
5 41
5 24
5 43
5 48
6 16
6 15
6 25
6 17
6 32
6 42
6 24
6 8
6 20
7 24
7 41
7 42
7 26
8 24
8 34
8 29
8 11
8 37
8 40
9 33
9 36
9 44
9 22
9 16
9 40
10 16
10 31
10 42
10 24
10 36
10 19
10 27
11 40
11 29
11 26
12 40
12 27
12 43
12 24
12 26
12 20
12 30
12 18
12 21
12 32
12 34
12 15
13 32
13 26
13 14
13 46
14 42
14 49
14 32
14 26
14 46
14 29
14 17
15 37
15 39
15 40
15 26
15 41
15 46
15 17
16 46
16 22
16 34
16 38
17 41
17 29
17 34
18 37
18 30
18 35
19 48
19 46
20 47
20 42
20 27
21 23
21 26
22 37
22 41
22 31
23 34
24 44
24 40
24 32
24 36
24 27
25 32
26 42
26 46
26 40
26 37
26 34
27 44
27 31
28 43
28 48
28 46
29 32
29 30
29 35
30 34
31 42
32 44
32 37
34 46
35 40
35 41
36 42
36 46
36 38
36 40
38 41
40 46
42 44
42 47
43 44
44 47
44 46
50 186#desc=uniform; diff=1
0 13
0 12
0 41
0 42
1 30
1 15
1 44
1 31
1 22
1 5
1 12
2 34
2 49
2 39
2 47
2 43
3 26
3 28
3 22
3 4
4 27
4 33
5 15
5 47
5 9
5 32
5 41
5 49
5 8
5 35
5 36
6 41
6 31
6 28
6 46
6 49
6 43
6 35
7 41
7 27
7 9
7 12
7 45
7 39
8 45
8 15
8 17
8 40
8 43
8 20
8 39
9 46
9 35
9 32
9 23
9 26
9 31
9 15
9 37
9 17
10 21
10 27
10 47
11 25
11 44
11 34
12 32
12 45
12 24
12 40
12 27
12 25
12 42
12 43
12 44
12 37
12 35
13 45
13 27
13 17
13 49
14 45
14 36
14 23
15 39
15 43
15 34
16 40
16 49
16 26
16 22
17 46
17 42
17 33
17 35
17 47
17 21
17 22
17 26
18 49
18 35
18 25
18 37
19 31
19 23
20 45
20 44
21 27
21 23
21 43
21 46
21 33
21 40
21 26
21 42
22 34
22 46
23 35
23 42
23 44
23 41
23 32
24 36
24 39
24 41
25 46
25 44
27 30
27 47
27 41
28 48
28 36
28 41
28 39
28 37
29 49
29 34
29 42
30 39
31 49
31 46
31 41
31 39
31 37
32 39
32 42
32 33
32 34
32 35
33 44
33 39
34 46
34 48
34 40
34 39
35 37
35 47
35 46
35 41
35 38
36 49
36 37
36 44
36 45
37 44
37 40
37 38
37 49
38 40
38 43
39 44
39 49
40 43
40 47
41 47
41 43
41 49
41 45
41 46
42 45
44 45
44 46
45 49
45 48
45 47
47 49
50 173#desc=normal; diff=1
0 5
0 26
0 32
0 24
0 21
0 41
0 13
0 46
0 7
0 38
0 42
1 14
1 42
1 36
1 48
1 18
1 10
1 2
1 26
1 5
1 45
1 8
1 9
2 26
2 38
2 9
2 22
2 7
3 33
3 18
3 21
3 30
3 45
3 10
3 38
4 6
5 47
5 8
5 31
5 37
5 28
5 45
5 17
5 34
5 32
5 49
6 26
6 17
6 44
6 34
6 31
6 28
7 19
7 33
7 16
8 32
8 36
8 34
9 44
9 37
10 19
10 28
10 36
10 45
10 34
11 33
11 40
12 19
12 28
13 38
13 20
13 24
13 27
13 36
14 16
14 32
15 24
15 16
16 21
16 20
16 49
16 38
16 22
16 36
16 47
17 39
17 29
18 38
18 21
18 34
18 36
18 42
18 29
18 20
18 22
19 27
20 47
20 48
21 39
21 48
21 33
21 34
21 26
21 23
21 40
21 32
21 24
22 24
22 25
22 36
22 29
23 47
23 26
23 29
23 31
24 29
24 26
24 49
26 44
26 42
26 27
26 47
26 33
27 48
27 38
28 38
28 41
28 37
28 33
29 37
29 34
29 48
29 41
30 38
30 31
30 42
31 33
31 37
31 48
31 40
32 34
32 37
32 46
33 45
33 46
33 44
33 42
33 38
33 40
33 47
33 49
34 39
34 46
34 42
34 36
35 46
35 47
36 39
37 41
37 42
37 40
37 47
37 49
38 49
38 43
39 40
39 49
40 41
41 42
41 49
41 47
42 46
47 49
50 167#desc=normal; diff=1
0 9
0 12
0 28
0 38
0 44
0 2
0 14
0 30
0 22
1 40
1 9
1 43
1 7
1 2
1 27
1 38
1 6
2 33
2 19
2 38
2 20
2 9
3 14
3 4
3 5
3 36
3 15
3 8
3 48
3 30
3 33
3 49
4 37
4 14
4 46
4 15
4 36
4 20
4 8
4 32
4 30
4 49
4 5
5 39
5 18
5 43
5 8
5 30
5 27
5 12
5 33
5 29
5 15
6 49
6 45
6 39
6 37
7 16
7 8
7 19
7 48
7 20
7 27
7 36
7 25
8 49
8 25
8 30
8 21
8 38
8 13
8 11
8 36
8 33
9 21
9 39
9 25
9 28
9 30
9 29
10 29
10 36
10 17
10 21
10 43
10 47
10 34
11 14
11 28
12 31
12 32
12 43
12 38
12 44
12 49
12 27
12 30
12 21
12 29
13 15
14 21
14 25
14 48
14 23
14 20
15 44
15 19
15 26
15 32
15 17
15 41
16 49
16 31
17 43
17 30
18 49
18 38
18 19
18 21
18 34
19 21
20 43
20 44
20 38
21 49
21 25
21 37
24 29
24 37
25 33
25 29
25 38
25 34
26 38
27 33
27 29
27 28
28 32
28 36
28 39
29 30
29 36
30 37
30 48
30 40
31 43
31 35
31 34
32 41
32 39
32 36
32 35
32 49
33 45
33 39
33 49
34 49
35 41
36 44
37 38
38 42
39 49
43 48
44 47
45 49
46 49
48 49
50 181#desc=normal; diff=1
0 25
0 2
0 15
0 6
0 47
0 8
0 5
0 4
0 9
1 35
1 32
1 13
1 43
1 27
1 47
1 22
1 15
1 14
1 24
1 2
2 34
2 47
2 19
3 46
3 17
3 15
3 39
3 11
3 26
3 30
3 4
3 47
4 34
4 27
4 8
4 22
4 35
4 6
4 38
4 10
4 7
4 15
4 46
4 14
4 11
5 38
5 25
5 40
5 26
5 34
5 23
5 17
5 28
5 16
5 43
6 36
6 35
7 13
7 11
7 34
8 28
8 35
8 11
8 40
8 45
8 22
8 15
8 16
8 9
8 38
8 23
9 26
9 30
9 38
9 24
9 27
9 47
9 13
9 31
9 17
9 23
10 16
10 25
10 18
10 11
10 28
11 34
11 32
11 27
11 23
11 36
11 21
12 30
12 27
12 46
12 24
12 33
13 36
13 18
13 14
14 43
14 34
14 41
14 23
15 45
15 29
15 27
15 43
15 32
15 24
15 36
15 25
15 23
15 21
16 35
16 36
16 46
16 34
16 40
17 24
17 25
17 35
17 46
17 23
17 30
17 20
17 43
17 36
17 21
18 32
18 45
18 34
20 38
20 39
21 40
21 29
22 39
22 45
22 48
22 38
22 43
23 28
23 45
23 40
23 27
23 38
23 25
25 39
26 31
26 38
27 32
27 39
28 36
28 35
28 47
28 42
28 30
28 43
29 36
29 34
29 40
29 35
30 44
30 46
31 46
32 49
32 39
32 36
35 39
35 37
35 45
35 38
35 46
36 40
36 46
37 43
38 46
38 43
39 40
39 43
40 47
50 153#desc=log-normal; diff=1
0 11
0 48
0 39
0 15
0 28
0 47
1 44
1 5
1 30
1 38
1 49
1 34
1 47
1 23
2 47
2 5
2 22
3 28
3 7
3 31
3 20
3 25
3 22
3 33
3 23
3 8
3 18
3 40
4 5
4 28
4 39
5 10
5 6
5 14
5 38
5 28
5 9
5 30
5 44
5 40
5 19
6 33
6 26
6 31
6 44
6 40
6 49
7 12
7 49
7 25
7 37
7 19
8 43
8 37
8 22
8 33
9 37
9 29
9 48
10 47
10 45
10 28
10 23
10 49
10 36
10 14
11 19
11 46
11 33
11 40
11 31
11 27
12 47
12 45
12 14
12 24
12 23
13 18
13 37
13 49
13 33
13 17
13 47
14 32
14 43
14 15
14 46
14 23
15 28
15 42
15 47
16 35
16 49
16 47
17 36
17 24
17 33
17 26
17 47
18 46
19 27
19 41
20 22
20 41
21 24
21 35
21 40
22 47
22 24
22 33
22 36
22 43
22 29
22 44
22 23
23 49
23 28
23 29
23 37
23 26
24 34
24 47
24 32
24 37
24 29
24 42
24 43
25 43
25 49
26 49
26 39
28 46
29 33
29 49
30 43
31 46
32 46
32 33
33 42
33 35
34 48
35 39
35 41
35 46
35 44
35 47
36 39
37 38
39 46
40 46
45 46
45 47
47 49
50 154#desc=log-normal; diff=1
0 3
0 8
0 10
0 32
1 44
1 43
1 29
1 49
1 28
1 10
1 35
2 49
2 7
2 10
2 27
2 18
2 32
2 3
2 12
2 41
2 36
3 44
3 41
3 30
3 22
3 28
3 45
3 27
3 31
3 8
4 38
4 32
4 24
4 28
5 14
5 13
5 31
5 40
5 11
6 21
6 38
6 18
6 8
7 11
7 39
8 10
9 49
9 17
9 40
9 44
9 46
9 34
9 35
10 46
10 17
10 32
10 29
10 48
10 24
10 44
10 31
10 35
10 18
11 12
11 26
11 25
11 15
11 40
12 32
12 48
12 39
12 42
13 31
13 18
13 39
13 29
14 46
14 17
15 43
15 32
15 31
15 30
15 47
15 44
16 21
16 36
17 43
17 44
17 46
18 45
18 22
18 37
18 30
18 46
18 47
18 44
18 48
19 36
19 41
19 20
20 34
20 21
20 37
22 29
22 26
22 46
23 35
23 49
23 33
24 44
24 36
24 48
25 27
25 48
26 44
26 28
27 30
27 44
28 35
28 44
28 45
28 41
30 32
30 38
31 48
31 44
31 35
31 33
32 33
32 38
32 44
32 45
32 48
33 34
34 44
34 48
35 47
36 45
36 46
37 43
38 44
38 45
39 42
41 47
42 48
42 46
43 47
44 45
44 48
44 46
45 46
45 48
46 48
47 48
50 170#desc=normal; diff=1
0 36
0 49
0 35
0 28
0 41
0 13
0 46
0 33
0 45
1 24
1 38
1 45
2 46
2 13
2 23
2 24
2 28
2 42
2 22
2 7
3 42
3 21
3 20
3 10
3 32
4 20
4 48
4 11
4 46
4 32
4 35
4 39
5 17
5 24
5 35
5 49
5 7
5 39
5 27
5 16
6 20
6 40
6 41
6 16
6 26
6 17
6 7
7 38
7 21
7 45
7 24
7 46
7 11
8 20
8 33
8 27
8 36
8 14
8 35
8 37
9 26
9 14
10 34
10 31
10 45
10 43
11 12
11 41
12 45
12 17
12 22
12 16
12 42
12 46
13 33
13 44
13 17
13 48
13 22
14 17
14 41
14 30
14 23
14 22
14 45
14 31
14 27
15 35
15 25
16 36
16 22
16 42
16 17
17 39
17 30
17 31
17 46
17 36
17 24
17 26
17 42
17 41
17 19
18 45
18 24
19 35
19 26
19 43
19 47
20 21
20 49
20 33
20 44
20 42
20 35
21 35
21 43
21 40
22 27
22 23
22 44
22 30
23 32
23 27
23 24
23 42
23 31
24 30
24 35
24 26
24 27
24 45
25 45
25 27
26 29
26 34
26 36
26 40
27 35
27 32
27 46
27 49
29 45
30 49
30 45
30 37
30 33
31 36
31 32
31 42
31 35
32 38
33 45
33 46
33 48
35 41
35 43
35 36
36 44
36 40
36 49
38 45
39 48
39 43
40 44
40 45
42 43
45 48
46 48
47 48
50 148#desc=bimodal p1=11.175388985376204 p2=11.378106283335068 std=4.011183457926897, r=0.3889175090547503; diff=1
0 40
0 3
0 33
0 30
0 31
0 49
0 15
1 44
1 45
1 10
1 28
1 16
2 22
2 31
2 16
2 15
2 19
2 24
2 44
2 10
2 8
2 25
3 6
3 8
3 26
3 16
3 22
3 38
4 22
4 36
4 34
4 5
4 27
4 7
4 24
5 6
5 37
5 8
5 22
5 19
5 28
6 40
6 9
6 39
6 32
6 25
6 42
6 46
7 13
7 26
7 25
7 21
8 23
8 17
8 20
8 38
8 19
8 14
8 49
9 28
9 37
9 41
9 13
9 38
10 38
10 49
10 18
11 29
11 27
11 39
12 21
12 24
12 22
12 45
12 29
12 34
13 14
13 22
13 18
13 46
14 32
14 15
14 28
14 45
14 27
15 47
16 29
16 41
16 31
16 23
17 27
17 25
18 42
18 31
18 41
19 22
19 34
19 36
19 24
20 29
20 30
20 28
20 47
21 33
21 23
21 31
22 32
23 37
23 29
23 30
23 24
24 32
25 35
25 30
25 47
25 48
25 49
27 43
27 46
27 30
28 36
28 35
28 34
28 44
29 37
29 36
30 31
30 45
30 34
32 48
32 36
32 45
33 46
34 49
34 43
34 36
35 39
36 38
37 40
37 43
38 47
38 43
38 41
39 40
43 49
43 45
44 45
47 48
50 112#desc=bimodal p1=12.824301214736108 p2=6.7594442675227695 std=2.6262958186098633, r=0.30712971369671316; diff=1
0 41
0 32
0 45
0 2
1 27
1 35
1 16
1 47
1 2
1 18
2 38
2 44
2 35
3 12
3 25
3 10
3 40
3 30
3 46
4 14
4 20
5 33
5 43
6 31
6 37
7 32
7 15
7 13
8 40
8 14
8 34
9 32
9 24
10 44
10 20
10 32
10 14
11 46
11 25
11 31
11 26
12 46
12 31
12 15
12 17
12 26
12 45
13 16
13 46
13 42
13 43
13 39
13 33
14 21
14 22
14 29
15 19
15 30
15 44
15 25
15 48
16 29
16 42
16 44
16 31
16 26
17 43
18 42
18 26
19 37
20 47
21 23
21 31
21 48
22 42
22 37
22 45
22 29
23 45
24 45
24 28
24 38
24 40
25 49
27 29
27 45
28 46
28 40
28 37
28 35
28 48
29 42
29 30
30 39
30 43
31 39
31 47
31 36
32 41
32 33
32 39
32 48
32 36
34 49
34 37
36 48
37 39
37 38
37 41
39 40
41 42
44 45
50 203#desc=uniform; diff=1
0 20
0 30
0 37
0 34
0 48
0 7
1 2
1 21
1 22
1 34
1 30
2 3
2 29
2 4
2 38
2 37
2 27
2 14
2 48
2 19
2 34
2 25
2 36
2 23
3 36
3 46
3 42
3 31
3 14
3 23
3 19
3 35
3 4
4 32
4 25
4 47
4 46
5 43
5 8
5 36
6 16
6 35
6 8
6 32
6 25
6 45
6 20
6 12
7 34
7 42
7 35
7 36
7 24
7 30
7 17
7 27
7 25
7 15
8 26
8 36
8 32
8 37
8 28
8 38
9 48
9 25
9 17
9 12
9 24
10 49
10 25
11 47
11 32
12 38
12 27
12 46
12 19
12 36
12 47
13 38
13 23
14 31
14 28
14 20
14 29
14 43
15 25
15 28
15 43
15 22
15 32
15 30
15 16
15 26
16 20
16 40
16 34
16 38
16 33
16 30
16 24
16 46
16 23
16 18
16 49
16 37
17 27
17 46
17 40
17 28
17 37
17 25
18 38
19 32
19 45
19 29
19 20
19 38
19 21
19 43
19 33
19 27
19 35
20 28
20 47
20 32
20 23
20 46
20 42
21 48
21 41
22 23
22 41
22 48
23 25
23 30
23 33
23 46
23 27
23 37
23 24
24 38
25 33
25 40
25 32
25 37
25 34
25 46
26 49
26 44
27 40
27 38
28 29
28 43
28 37
28 30
28 40
29 35
29 48
29 47
29 36
29 32
29 43
30 39
30 45
30 33
30 32
30 43
31 39
31 41
32 40
32 46
33 45
33 42
33 35
34 43
34 42
34 44
34 46
34 40
34 48
34 35
34 36
35 36
35 38
36 45
36 43
37 47
37 46
38 49
38 42
38 48
38 43
38 47
39 45
40 43
40 46
41 47
42 47
42 43
42 46
44 48
45 46
50 172#desc=triangular; diff=1
0 26
0 38
0 6
0 1
0 3
0 13
1 39
1 41
1 25
1 13
1 37
1 28
1 40
1 27
2 14
2 25
2 16
2 21
2 27
2 10
2 18
2 40
3 11
3 33
3 13
3 20
3 49
3 21
3 44
3 40
3 15
3 35
3 18
4 44
4 24
5 47
5 49
6 36
6 27
6 20
7 32
7 27
7 21
7 34
7 17
7 16
7 22
8 10
8 39
8 42
8 17
8 45
9 49
9 38
9 22
9 21
10 47
10 42
10 46
10 33
11 33
11 29
11 27
11 49
11 23
11 13
11 17
12 48
12 39
12 37
12 13
12 40
12 38
13 17
13 37
13 40
13 24
13 28
13 35
13 16
13 27
14 37
14 33
15 19
15 33
16 17
16 27
16 41
16 32
16 19
16 39
17 38
17 29
17 22
17 19
17 44
17 27
17 25
17 47
18 27
18 30
18 24
18 33
18 46
18 32
19 30
19 33
19 22
19 35
19 37
19 36
20 23
20 38
20 36
20 31
20 21
21 35
21 27
21 41
21 46
21 38
22 23
22 37
22 42
22 28
23 36
23 25
23 47
23 27
24 41
24 28
25 27
26 46
26 31
26 35
26 41
26 29
27 39
27 35
28 47
28 30
28 41
28 31
29 49
29 32
30 41
30 39
31 40
32 48
32 36
32 42
33 49
34 45
34 35
35 49
35 44
35 37
36 46
36 43
36 47
37 41
37 49
37 38
38 43
38 39
38 47
41 46
43 46
44 45
45 46
45 47
47 48
50 94#desc=bimodal p1=7.7093833630895485 p2=3.1202068003888503 std=2.1456906647123906, r=0.8442709929740787; diff=1
0 10
0 47
0 32
0 38
1 44
1 7
1 34
1 13
1 18
2 15
2 26
2 39
3 8
3 13
3 15
4 8
4 19
5 25
5 28
5 12
5 27
5 41
5 35
6 46
6 17
6 42
6 40
6 21
6 33
7 32
7 44
7 20
8 49
8 43
8 20
8 13
9 36
9 32
9 39
10 39
11 29
11 26
11 37
11 13
11 45
12 22
12 47
13 16
14 37
14 17
14 23
16 37
16 30
16 49
16 34
16 28
17 31
17 22
17 27
17 23
18 43
18 27
19 30
19 31
19 37
20 25
20 41
20 27
21 32
21 47
22 44
22 24
23 48
23 30
24 47
24 36
25 33
26 40
28 33
28 40
29 33
30 37
31 38
32 37
33 38
34 45
35 45
36 46
36 42
38 48
39 44
42 44
42 46
45 47
50 154#desc=log-normal; diff=1
0 42
0 46
0 1
0 32
1 4
1 49
1 29
1 32
2 30
2 49
2 20
2 17
3 25
3 11
3 28
3 35
4 14
4 49
4 10
4 41
4 23
4 21
5 27
5 23
5 17
5 38
5 19
5 49
6 12
6 18
6 38
6 16
6 24
6 44
7 28
7 40
7 24
7 36
7 41
7 22
7 10
7 48
7 47
7 35
7 33
8 12
8 34
8 37
8 26
9 43
9 26
9 38
10 48
10 22
10 35
10 24
10 26
10 23
10 41
10 18
10 47
11 36
11 24
11 12
11 33
11 16
11 37
11 14
12 27
12 35
12 45
12 42
13 48
13 24
13 25
13 31
13 21
14 45
14 23
15 49
15 36
15 44
15 18
15 47
16 23
16 17
16 32
16 31
16 33
16 25
16 45
17 45
17 42
17 21
17 38
17 35
17 41
18 38
19 24
19 40
20 42
20 35
20 38
20 33
21 29
21 48
21 22
21 47
21 38
22 37
22 47
22 36
22 49
23 38
23 30
23 37
23 24
24 28
24 29
24 39
24 45
25 39
25 32
26 30
27 48
27 43
28 40
29 46
29 41
29 48
31 38
31 36
31 45
32 34
32 43
33 46
34 42
34 38
34 49
35 44
35 36
36 47
36 45
36 39
37 43
37 44
37 48
37 45
38 41
38 40
39 49
41 45
42 49
44 49
50 149#desc=bimodal p1=3.4466391402602814 p2=11.936483641977809 std=1.7166172305535894, r=0.10867014560937593; diff=1
0 24
0 3
0 48
0 40
0 35
0 8
0 33
1 33
1 37
1 24
1 30
1 10
1 19
2 10
2 23
2 19
2 8
2 15
2 17
2 27
3 39
3 48
3 23
3 34
3 43
4 15
4 11
4 30
4 25
4 38
4 49
5 20
5 26
5 34
5 44
5 28
6 27
6 17
6 40
6 25
6 44
6 19
7 26
7 16
7 48
7 14
7 13
8 31
8 20
9 44
9 19
9 35
9 28
9 12
9 31
10 21
10 32
10 37
10 28
10 47
11 45
11 32
11 47
11 18
11 46
12 41
12 39
12 35
12 30
12 42
13 23
13 44
13 30
13 28
13 45
13 32
14 15
14 34
14 22
14 16
14 45
15 39
15 34
15 46
16 40
16 44
16 28
16 48
17 30
17 25
17 32
17 40
17 33
18 46
18 29
18 33
19 40
19 36
19 45
20 41
20 26
20 44
20 23
21 38
22 36
22 42
22 25
22 30
22 37
22 29
23 25
23 32
23 48
24 46
24 33
24 27
25 48
26 31
26 29
26 49
26 47
26 36
27 37
27 46
27 49
27 29
27 43
28 42
29 36
30 40
30 33
31 47
31 35
31 40
31 39
32 37
33 36
34 35
35 44
35 36
36 38
36 42
37 49
37 45
38 49
39 47
42 45
42 46
47 48
50 171#desc=bimodal p1=13.803621377014396 p2=9.363261791386652 std=3.30589225409958, r=0.9070318991543285; diff=1
0 24
0 4
0 22
0 10
0 35
0 5
0 15
0 27
1 39
1 35
1 42
1 21
1 17
1 8
2 8
2 32
2 7
2 39
2 16
2 33
3 34
3 49
3 28
3 29
3 12
3 26
3 42
3 38
4 48
5 44
5 21
5 27
5 38
5 13
5 26
6 47
6 9
6 29
6 14
6 45
6 30
6 17
6 33
7 23
7 19
7 18
7 37
7 22
8 21
8 22
8 35
8 46
8 17
8 26
8 37
8 30
9 22
9 12
9 24
9 19
9 42
9 48
10 41
10 34
10 29
10 15
11 48
11 34
11 32
11 24
11 17
11 28
11 45
12 47
12 25
12 49
12 42
12 37
13 26
13 32
13 20
13 22
13 35
13 14
13 25
13 47
14 49
14 17
15 43
15 19
15 48
15 20
15 24
16 24
16 25
16 34
16 36
16 26
16 49
16 44
16 17
17 18
17 47
18 31
18 34
18 36
18 29
19 21
19 44
19 34
19 22
20 43
20 27
20 30
20 47
20 36
21 32
21 33
22 40
22 37
22 48
22 41
23 35
23 31
23 32
23 40
23 45
23 34
24 45
24 38
25 47
25 41
25 31
25 46
25 44
26 27
26 48
26 44
27 42
27 46
28 32
28 45
28 41
29 42
30 36
30 46
31 41
31 39
31 34
31 40
31 47
32 45
32 43
33 49
33 43
33 45
34 39
35 48
36 38
36 39
37 41
37 49
37 44
37 43
38 45
39 46
41 45
44 46
45 46
46 49
47 49
50 175#desc=triangular; diff=1
0 28
0 8
0 32
0 22
0 42
0 39
0 44
0 26
0 35
0 37
0 16
0 14
0 41
1 41
1 47
1 4
1 46
1 38
2 47
2 22
2 11
2 46
3 17
3 9
3 14
3 30
3 49
3 37
4 16
4 14
4 45
4 8
4 10
4 21
5 19
5 22
5 30
5 39
5 17
5 13
6 41
6 45
6 14
6 27
6 9
6 40
7 33
7 30
7 28
7 8
7 35
8 23
8 9
9 48
9 31
9 43
9 46
9 39
9 40
9 44
9 30
10 37
10 34
10 41
10 19
10 17
10 27
10 33
10 32
10 35
10 25
10 13
11 35
11 21
11 15
11 26
12 33
12 21
12 13
12 41
12 39
13 44
13 36
13 18
13 40
14 45
14 22
14 18
14 21
15 18
15 24
15 17
15 37
15 35
15 48
15 46
15 45
15 21
16 25
16 32
16 44
16 17
16 41
17 38
17 28
17 32
17 35
17 26
17 42
17 31
18 32
18 44
18 40
18 26
19 47
19 40
19 43
19 31
19 21
20 47
20 34
20 44
21 45
21 30
21 46
22 32
22 34
22 48
22 33
22 35
22 37
23 30
24 41
24 25
24 34
24 49
24 35
25 45
25 36
25 33
25 46
25 29
26 43
26 29
28 37
28 31
28 46
28 40
28 39
29 40
30 34
30 40
31 43
32 40
32 34
32 47
33 36
33 34
33 39
33 46
34 36
34 47
36 38
36 44
37 41
37 40
38 43
39 44
40 44
40 42
40 43
42 45
42 47
43 47
46 49
50 201#desc=uniform; diff=1
0 28
0 21
0 49
0 22
0 32
0 48
0 46
0 14
0 26
0 15
0 42
0 41
0 7
0 30
1 38
1 27
2 30
2 24
2 26
2 37
2 39
2 4
2 21
2 40
2 7
2 49
2 15
2 22
2 29
3 43
3 38
3 24
3 11
3 30
3 27
3 5
3 32
4 31
4 27
4 18
4 14
4 12
4 7
4 22
4 15
4 40
4 28
4 38
4 32
5 17
5 48
5 49
5 21
5 24
5 11
5 12
6 32
6 40
6 48
6 36
6 8
6 11
6 33
7 15
7 37
7 26
7 12
7 35
7 20
7 24
7 49
8 44
8 33
8 34
8 29
8 15
8 26
9 43
9 26
9 48
9 18
9 20
10 12
10 49
10 32
10 24
10 30
11 34
11 31
11 17
11 29
11 36
11 22
11 40
11 19
11 43
11 21
11 26
11 35
12 49
12 44
12 29
12 32
12 15
12 34
12 43
12 20
12 24
13 33
13 48
14 22
14 29
14 15
15 24
15 37
15 30
15 44
16 44
16 35
16 23
16 31
17 35
17 43
17 39
17 21
18 31
18 32
18 23
19 49
19 30
20 40
20 38
20 43
20 44
21 44
21 49
22 27
22 30
22 28
22 43
22 40
22 35
22 48
24 45
24 31
24 37
24 32
24 46
25 33
25 28
25 36
26 41
26 48
26 37
26 32
26 29
26 27
26 49
26 43
27 36
27 35
27 46
28 48
28 29
28 37
28 39
28 32
29 43
29 32
29 48
29 30
30 47
30 49
30 36
30 40
30 44
30 39
30 46
31 39
31 35
32 42
32 44
32 48
33 42
33 36
33 37
34 43
34 48
35 48
35 49
36 49
36 43
36 48
37 39
37 44
40 44
41 46
42 47
42 45
44 46
44 48
50 158#desc=normal; diff=1
0 2
0 39
0 34
0 44
0 24
0 9
0 21
1 44
1 17
1 7
1 39
1 33
2 41
2 9
2 32
2 33
2 48
2 42
2 44
2 8
2 19
3 43
3 26
4 44
4 36
4 32
4 22
4 26
4 24
4 10
4 21
5 29
5 46
5 13
5 11
5 39
5 19
5 16
6 40
6 21
7 17
8 10
8 16
8 21
8 39
8 19
8 40
8 44
8 34
8 18
10 19
10 16
10 20
10 15
10 25
10 18
10 29
10 32
10 21
10 40
11 48
11 30
11 27
11 26
11 29
12 44
12 32
13 21
14 30
14 37
14 18
15 39
15 19
15 33
15 32
15 48
15 22
15 24
15 42
16 46
16 38
17 41
17 44
18 33
18 44
18 29
18 21
18 19
18 32
19 22
19 47
19 30
19 31
20 43
20 24
20 34
20 22
20 46
21 42
21 31
21 25
21 44
21 38
21 29
21 40
21 35
21 26
21 33
22 33
22 35
22 43
22 28
23 48
23 24
24 39
24 37
24 35
24 40
24 48
24 38
26 31
26 33
27 28
27 36
28 39
28 32
29 30
29 45
29 39
29 48
29 43
30 40
30 34
30 46
30 39
31 41
32 34
32 41
32 44
32 39
33 48
33 44
34 41
34 43
35 49
35 46
37 48
37 39
38 45
38 40
39 48
39 40
40 47
41 44
41 48
41 42
43 44
44 49
50 209#desc=uniform; diff=1
0 19
0 4
0 46
0 39
0 38
0 24
0 3
0 23
0 12
1 25
1 35
1 23
1 49
1 7
1 39
1 38
1 34
1 47
1 12
1 42
2 39
2 8
3 47
3 35
3 23
4 47
4 19
4 18
4 21
4 8
4 34
4 26
4 33
4 46
4 13
4 17
4 48
5 34
5 21
5 29
5 33
6 45
6 27
6 42
6 19
7 47
7 11
7 34
8 34
8 33
8 45
8 26
8 15
8 30
8 40
8 16
8 29
8 48
8 46
8 10
9 47
9 26
9 42
9 38
9 12
9 10
9 34
10 34
10 36
10 17
10 48
10 29
10 19
10 35
10 44
10 25
10 39
10 46
10 40
10 26
11 29
12 48
12 23
12 42
12 21
13 20
13 23
14 34
14 15
15 31
15 44
15 38
15 32
15 23
15 46
15 42
15 24
15 40
15 25
16 40
17 45
17 21
17 43
17 40
17 25
18 33
19 45
19 41
19 38
19 47
19 43
19 31
19 39
20 49
20 47
20 30
20 45
20 42
20 22
20 38
20 31
20 35
21 43
21 39
22 42
22 48
23 46
23 40
23 35
23 30
23 43
23 45
23 25
24 36
24 25
24 44
24 38
24 32
24 27
24 47
24 33
24 29
25 42
25 48
25 26
25 31
25 27
25 41
25 46
26 47
26 46
26 45
26 39
26 42
26 31
26 29
27 29
27 48
27 44
27 32
27 42
27 40
28 35
28 40
28 31
29 40
29 47
29 39
29 48
29 45
30 48
30 39
30 34
30 35
31 40
31 48
31 49
31 44
31 34
32 41
33 46
33 48
33 38
33 44
33 35
34 49
34 42
34 35
34 40
34 46
35 46
35 42
36 37
36 45
37 42
38 43
39 46
39 42
40 48
40 46
40 43
42 44
44 47
44 46
45 48
45 47
45 46
47 48
48 49
50 239#desc=bimodal p1=18.982842130677415 p2=18.73536923577388 std=1.603973451974734, r=0.9288906242700923; diff=1
0 39
0 17
0 28
0 23
0 8
0 11
0 46
0 9
0 42
0 29
1 39
1 38
1 26
1 37
1 22
1 29
1 13
1 5
1 49
1 42
2 24
2 48
2 5
2 4
2 9
2 3
2 38
2 40
2 36
2 47
3 23
3 42
3 13
3 25
3 33
3 8
3 28
4 7
4 6
4 44
4 31
4 11
4 34
4 29
4 41
4 30
5 22
5 46
5 26
5 32
5 16
5 33
5 9
5 15
6 22
6 28
6 47
6 30
6 36
6 49
6 13
6 24
7 24
7 15
7 13
7 17
7 27
7 34
7 30
7 23
8 20
8 42
8 19
8 32
8 48
8 37
8 13
9 15
9 14
9 45
9 25
9 13
9 31
9 43
9 26
10 17
10 21
10 23
10 15
10 44
10 22
10 32
10 31
10 43
10 49
11 18
11 48
11 35
11 40
11 12
11 44
11 41
12 39
12 18
12 28
12 45
12 48
12 14
12 20
12 40
13 24
13 44
13 34
13 37
13 40
14 29
14 21
14 40
14 36
14 38
14 39
14 33
15 48
15 38
15 41
15 46
15 21
16 48
16 33
16 17
16 47
16 46
16 43
16 19
16 41
16 42
17 30
17 33
17 42
17 25
17 34
17 20
18 43
18 30
18 46
18 32
18 24
18 41
18 31
19 26
19 43
19 28
19 42
19 44
19 30
19 27
20 37
20 25
20 49
20 24
20 21
20 44
20 36
21 33
21 49
21 48
21 45
21 37
22 47
22 49
22 41
22 43
22 24
22 34
23 33
23 30
23 31
24 26
24 36
24 37
25 38
25 47
25 36
25 43
26 31
26 27
26 48
26 42
27 44
27 48
27 46
27 29
27 31
27 32
28 37
28 45
28 40
28 32
28 35
29 35
29 33
29 47
29 36
29 34
30 42
30 45
31 40
31 32
31 45
32 40
32 39
33 41
33 38
34 37
34 45
34 39
34 35
35 47
35 38
35 45
35 48
35 43
36 37
36 38
36 47
37 44
37 41
38 39
39 41
39 40
39 49
40 47
41 44
43 44
43 47
45 47
45 46
46 48
46 49
50 114#desc=bimodal p1=8.301783645609827 p2=8.19031749066355 std=2.1775571386151236, r=0.7274799378062116; diff=1
0 49
0 18
0 40
0 36
0 2
1 48
1 26
1 30
1 13
1 14
1 4
2 16
2 36
2 24
3 40
3 7
3 35
3 15
3 8
4 37
4 20
4 34
4 15
4 24
5 26
5 33
5 49
5 30
5 44
5 9
5 47
6 8
6 33
6 41
6 42
6 22
7 43
7 24
7 28
7 23
7 46
8 44
8 43
9 47
9 49
10 16
10 13
11 21
11 38
11 32
12 15
12 37
12 39
12 33
13 25
13 37
13 18
14 30
14 46
14 20
14 41
15 36
16 28
16 26
17 33
17 19
17 45
18 44
18 37
19 27
19 25
20 27
20 29
20 34
20 47
21 39
21 42
22 38
22 29
23 40
23 30
24 35
25 34
25 28
25 27
26 31
27 39
27 29
28 47
28 32
29 31
29 32
29 46
30 34
31 43
31 46
31 44
33 48
34 35
34 43
35 39
35 42
35 45
36 48
36 45
37 42
38 41
41 43
41 48
42 45
43 44
45 46
45 49
45 47
50 164#desc=bimodal p1=13.305651571426429 p2=12.108638425329076 std=3.677628398839128, r=0.6084149541044551; diff=1
0 32
0 29
0 43
0 35
0 49
1 4
1 11
1 18
1 5
1 32
2 48
2 45
2 5
2 11
3 21
3 14
3 19
3 12
3 47
3 30
3 27
4 37
4 20
4 17
4 29
4 21
4 25
5 25
5 39
5 45
5 27
6 14
6 48
6 21
6 18
7 39
7 26
7 34
7 25
7 42
7 21
7 11
7 10
7 41
7 31
8 18
8 45
8 49
8 30
8 28
8 12
9 19
9 28
9 33
9 38
9 32
9 11
9 15
10 11
10 15
10 30
10 34
10 40
11 28
11 39
12 49
12 48
12 34
12 35
12 16
12 45
13 39
13 43
13 33
13 35
13 26
14 36
14 38
14 42
14 18
14 17
14 47
14 48
15 29
15 26
15 25
15 28
15 40
15 19
16 19
16 40
16 48
16 32
16 42
17 34
17 23
17 41
18 19
18 20
19 49
19 24
19 30
19 29
20 41
20 33
20 26
20 28
21 46
21 34
21 37
22 38
22 30
22 33
22 42
23 34
23 38
23 46
23 35
23 40
24 25
24 36
24 44
24 38
25 39
25 46
26 31
26 48
27 35
27 41
28 46
28 33
28 47
29 38
29 41
29 47
29 37
29 40
30 49
30 43
30 45
31 44
31 47
31 36
32 35
32 36
32 34
32 33
33 42
35 40
35 48
35 43
36 43
36 37
36 47
37 39
37 46
38 41
38 44
40 44
40 45
42 45
44 45
44 47
46 48
50 211#desc=bimodal p1=5.036185744097841 p2=21.993212998937516 std=4.6640260123044115, r=0.3241132319034943; diff=1
0 24
0 12
0 15
0 29
0 40
0 4
0 47
0 8
0 3
0 36
1 37
1 43
1 35
1 26
1 16
1 13
1 38
1 20
2 43
2 37
3 23
3 13
3 47
3 26
3 28
3 17
3 20
3 9
3 32
3 12
4 11
4 29
4 48
4 43
4 20
4 28
4 15
4 22
4 16
4 26
5 36
5 16
5 8
5 15
5 23
5 37
5 39
5 13
5 48
6 34
6 8
6 32
6 14
6 15
6 25
6 27
6 40
7 19
7 13
8 34
8 46
8 38
8 22
8 13
8 40
8 14
8 43
9 39
9 15
9 26
9 37
9 14
9 45
9 48
9 35
9 41
9 34
10 25
10 28
10 30
10 22
10 37
10 15
10 23
10 46
10 24
11 22
11 26
11 34
11 35
12 24
12 19
13 30
13 16
13 38
13 44
13 28
13 41
14 29
14 39
14 16
14 25
14 36
14 26
14 38
14 40
14 47
14 28
15 37
15 24
15 47
15 30
15 29
16 17
16 25
16 28
16 32
16 19
16 38
16 29
16 27
17 41
17 36
17 29
17 42
17 49
17 38
18 37
18 27
18 21
18 32
18 39
18 38
19 23
19 37
19 28
19 41
19 38
20 43
20 33
20 30
20 27
21 23
22 38
22 44
22 23
22 43
22 42
22 33
22 37
22 47
23 47
23 42
23 36
23 44
24 36
24 49
24 38
24 26
24 34
24 40
25 35
25 36
25 47
25 40
25 38
25 44
25 28
25 29
26 37
26 32
26 28
27 32
27 31
27 36
27 43
27 35
28 32
28 48
28 29
28 39
29 40
29 47
29 45
30 47
31 36
32 35
32 39
32 34
32 48
34 47
34 42
34 40
35 47
35 37
36 49
36 38
37 39
37 40
37 41
37 42
37 47
38 39
38 42
39 40
40 43
40 42
40 48
42 47
42 49
43 47
50 171#desc=triangular; diff=1
0 14
0 44
0 39
0 34
0 5
0 40
1 7
1 45
1 44
1 48
1 21
1 12
2 46
2 7
2 27
2 42
2 45
2 26
2 37
3 48
3 14
3 46
3 20
4 44
4 40
4 27
4 39
5 48
5 20
5 15
5 32
5 11
5 45
5 6
5 22
5 47
6 21
6 30
6 33
7 39
7 32
7 11
7 8
7 42
7 15
7 34
7 18
7 33
8 39
8 12
8 40
8 42
8 44
8 16
8 11
8 34
9 35
9 25
9 17
9 13
9 15
9 30
9 10
9 20
9 12
10 15
10 27
10 20
10 11
10 28
10 32
11 19
11 22
11 37
11 25
12 22
12 23
12 21
12 45
12 31
13 24
13 18
13 16
13 38
13 47
14 32
14 36
14 35
14 45
14 28
15 49
15 28
15 45
15 32
16 43
16 48
16 21
17 27
17 31
18 42
18 47
18 25
18 22
18 26
18 21
18 40
18 30
19 36
19 32
19 47
19 31
19 25
19 28
20 40
20 35
20 48
21 41
21 30
21 46
22 42
22 34
23 26
23 45
23 43
23 37
24 47
24 28
25 39
25 35
25 44
26 44
26 32
26 28
26 38
27 28
27 40
27 34
28 29
28 42
28 40
28 35
29 37
29 31
29 46
29 45
30 48
31 39
32 45
32 47
32 34
33 48
34 35
34 47
34 49
35 48
35 36
36 49
36 45
36 37
36 42
38 45
39 47
40 43
41 48
42 46
43 45
44 47
45 46
46 48
46 47
47 48
50 187#desc=uniform; diff=1
0 32
0 22
0 47
0 6
1 15
1 9
1 22
1 48
1 44
1 38
1 46
2 44
2 13
2 42
2 28
2 36
2 22
2 43
2 10
2 27
2 26
2 21
2 15
3 44
3 42
4 18
4 25
4 12
4 32
4 43
4 48
4 29
4 44
4 16
4 13
4 42
4 37
4 9
5 15
5 13
5 38
5 37
5 34
5 6
5 42
5 10
5 41
5 33
5 29
5 25
5 12
5 17
6 37
6 25
6 36
6 44
6 15
6 40
6 26
6 13
6 19
6 35
7 48
7 11
7 10
7 34
8 28
8 11
8 22
8 16
8 26
8 49
8 27
8 33
8 46
9 46
9 15
9 23
9 13
9 37
9 21
10 46
10 25
10 42
10 44
10 16
10 21
11 48
11 17
11 22
12 27
12 37
12 43
12 35
12 41
12 36
12 46
12 20
12 31
12 13
12 15
12 24
13 39
13 41
13 36
13 15
13 22
14 38
14 23
14 28
15 38
15 36
15 40
15 26
15 22
16 27
16 43
16 46
17 25
17 43
17 22
17 26
17 21
17 48
17 31
18 44
19 36
19 37
19 39
19 21
20 27
20 22
20 21
20 42
21 49
21 29
21 45
22 36
22 29
22 38
22 33
22 28
22 43
23 38
24 31
25 47
25 41
25 44
25 33
25 42
25 26
25 28
25 43
25 30
25 37
26 46
26 36
26 48
26 27
26 33
26 44
27 36
27 33
27 44
27 47
29 44
29 35
30 36
30 46
32 33
33 42
33 43
33 36
34 42
34 44
35 48
36 42
36 39
36 46
37 39
37 44
38 43
39 49
40 42
40 45
44 46
44 49
50 162#desc=bimodal p1=3.6573858599271767 p2=14.38164906903305 std=1.330378945846094, r=0.18771541356064847; diff=1
0 41
0 36
0 10
0 11
0 44
0 33
0 5
1 41
1 17
1 29
1 42
1 20
1 28
1 38
1 45
2 16
2 41
2 32
2 36
2 14
2 27
2 11
3 11
3 14
3 41
3 44
3 8
3 19
3 24
4 29
4 45
4 30
4 23
4 37
4 43
4 7
5 29
5 13
5 32
5 21
5 38
6 7
6 33
6 31
6 32
6 36
6 18
6 42
7 44
7 32
7 31
7 39
7 13
8 20
9 27
9 33
9 45
9 26
9 14
9 24
9 15
10 27
10 49
10 28
10 23
10 15
10 43
11 28
11 40
11 25
12 33
12 28
13 30
13 37
13 25
13 39
13 46
14 19
14 38
15 48
15 19
15 38
15 29
15 45
16 24
17 49
17 19
17 18
17 42
17 40
18 34
18 49
18 26
18 33
18 32
19 30
19 44
19 47
19 36
20 39
20 23
20 22
20 49
20 26
21 24
21 39
21 30
21 43
21 25
21 35
22 40
23 31
23 37
23 26
24 31
24 42
24 47
26 31
26 34
26 48
27 38
27 33
27 31
27 41
27 45
28 37
28 38
28 48
29 39
29 41
29 40
30 43
30 36
30 37
31 48
31 39
31 36
32 34
32 36
33 45
33 40
34 37
34 44
34 42
34 35
34 39
35 36
35 46
35 47
35 44
37 43
38 47
40 43
41 45
41 49
42 47
43 44
43 48
43 47
47 49
47 48
48 49
50 147#desc=bimodal p1=10.024488708284473 p2=11.50325581432303 std=2.434267785417227, r=0.3379662792727065; diff=1
0 8
0 36
0 6
0 28
0 39
0 18
0 24
1 34
1 21
1 35
1 43
1 37
2 17
2 47
2 18
2 12
3 48
3 49
3 15
4 17
4 15
4 8
4 6
4 31
4 38
5 20
5 13
5 41
5 23
5 48
6 20
6 15
6 29
6 9
6 46
6 49
7 48
7 33
7 42
7 18
7 25
7 13
8 38
8 15
8 9
8 14
9 20
9 25
10 15
10 29
10 40
10 43
10 33
10 42
11 33
11 37
11 23
11 49
12 39
12 19
12 35
12 22
12 20
12 31
12 44
13 41
13 34
13 38
13 25
14 21
14 18
14 31
14 16
15 45
15 44
15 24
16 45
16 37
16 46
17 34
17 30
17 35
18 38
18 23
18 49
19 33
19 27
19 25
19 24
20 29
20 34
20 35
21 36
21 49
21 22
22 41
22 35
22 43
22 25
22 24
23 42
23 47
23 27
24 45
24 42
24 44
25 32
25 31
26 47
26 27
26 36
26 41
27 42
27 41
27 38
28 36
28 41
28 48
28 49
28 37
29 31
29 47
29 33
29 40
30 31
30 37
30 40
31 32
33 45
34 39
34 42
35 46
35 38
36 46
36 40
37 43
37 41
37 48
39 47
39 43
40 47
42 45
42 44
43 46
44 46
44 48
47 48
