50 192#desc=uniform; diff=2
0 40
0 17
1 33
1 37
1 9
1 41
1 7
1 46
1 16
1 24
1 49
1 32
1 36
1 26
1 40
2 5
2 43
2 42
3 21
3 31
3 11
3 42
3 40
3 28
3 12
3 34
3 25
3 29
3 10
3 39
3 23
4 21
4 23
5 21
5 14
5 8
5 40
5 28
5 10
6 11
6 25
6 17
6 22
6 42
7 32
7 19
7 35
7 23
7 24
7 40
7 39
7 42
7 37
7 22
8 46
8 49
8 23
9 25
9 13
9 40
9 16
9 24
9 35
9 29
9 37
9 32
10 23
10 29
10 40
10 25
10 39
10 22
11 45
11 16
12 23
12 48
13 46
14 38
14 20
14 45
14 39
14 28
14 25
15 43
15 46
16 43
17 41
17 42
17 30
17 35
17 20
17 26
17 22
17 46
17 32
17 24
17 44
18 31
18 49
18 48
19 28
19 20
19 46
19 40
19 45
20 39
20 22
20 25
20 32
20 38
21 22
21 44
21 41
21 26
21 42
21 31
21 46
21 25
22 32
22 47
22 46
22 41
22 28
22 24
22 36
22 35
22 25
23 39
23 49
23 25
23 30
23 37
24 35
24 25
24 47
24 34
24 38
24 42
24 48
24 45
24 43
24 32
25 26
25 28
25 39
25 31
25 45
26 30
26 39
26 28
26 37
26 40
26 31
26 44
26 32
26 42
27 32
27 36
28 43
28 34
28 46
28 30
29 40
29 34
29 39
30 32
30 31
31 47
31 44
31 34
31 40
32 34
32 39
32 37
33 42
35 47
35 38
36 43
36 39
38 46
39 49
39 46
40 44
40 46
41 42
42 49
43 49
43 47
44 48
44 46
46 48
47 49
50 153#desc=normal; diff=2
0 9
0 10
0 6
0 3
0 2
0 21
0 31
0 33
1 40
1 19
2 23
2 4
2 48
2 20
2 15
3 33
3 42
3 15
3 39
3 28
3 9
3 32
3 16
3 5
4 10
4 38
4 45
5 48
5 18
5 15
5 13
5 9
6 9
6 48
6 19
6 28
7 23
7 26
8 24
8 48
8 20
8 49
8 25
8 11
8 41
8 23
9 20
9 26
9 23
9 28
9 19
10 24
10 28
10 25
11 16
11 14
11 15
11 46
11 13
12 26
12 34
12 28
12 21
12 36
13 42
13 21
13 29
13 14
13 34
14 33
14 17
14 20
15 25
15 37
15 17
15 47
15 41
15 23
15 45
15 48
16 30
16 32
16 28
17 31
18 36
18 30
18 43
18 47
19 22
19 24
19 25
19 48
20 45
20 25
20 21
20 43
21 43
21 40
21 36
21 39
22 38
22 33
22 24
23 47
23 45
24 48
24 26
24 46
24 33
24 31
25 45
25 44
25 42
25 48
25 43
26 28
26 40
26 33
26 45
26 30
26 43
27 39
27 42
28 49
28 44
28 30
28 43
29 42
29 48
29 47
30 41
30 42
30 40
30 43
31 41
31 38
31 45
32 41
32 40
33 40
35 41
35 42
35 47
36 40
36 38
37 45
39 40
40 45
41 48
43 45
43 48
44 47
45 47
50 202#desc=uniform; diff=2
0 7
0 23
0 45
0 14
0 2
0 12
0 47
1 22
1 46
1 42
1 48
1 44
1 9
1 10
1 41
1 24
1 34
1 37
1 25
2 45
2 42
2 7
2 6
2 18
2 4
2 10
2 30
2 26
2 31
2 37
2 46
3 5
3 27
3 32
3 7
3 33
4 33
5 27
5 29
5 7
5 6
5 46
6 19
6 43
6 38
6 42
6 47
6 37
6 25
6 48
6 21
6 46
6 33
7 36
7 35
7 17
7 10
7 34
8 47
8 45
8 27
8 12
8 44
8 25
9 43
9 40
9 35
9 16
9 19
9 23
10 23
10 44
10 32
10 49
10 16
10 37
10 42
11 45
11 41
11 46
12 17
12 35
12 31
12 32
12 47
12 45
12 49
12 33
12 18
12 29
12 39
12 40
13 19
13 25
14 24
14 18
14 33
15 25
15 28
15 26
16 18
16 49
16 28
16 39
16 19
16 45
16 44
17 25
17 21
17 19
17 24
17 32
17 27
17 45
17 33
18 22
18 25
18 35
18 44
18 23
19 49
19 21
19 25
19 44
19 48
19 27
19 37
20 38
20 37
21 32
21 31
21 45
22 40
23 28
23 44
23 48
23 31
23 49
23 46
23 29
23 32
24 46
24 32
24 42
24 40
25 42
25 37
25 31
25 48
25 38
25 33
25 46
26 45
26 38
26 46
26 49
27 39
27 48
28 31
28 49
28 44
30 31
30 38
31 32
31 46
31 36
31 44
31 48
31 43
32 38
32 35
32 49
32 36
32 46
32 48
33 47
33 42
33 45
33 39
33 48
34 37
34 45
34 44
35 38
36 40
38 39
38 44
38 45
38 47
39 46
39 49
42 47
42 45
42 49
44 49
44 46
44 45
44 48
45 46
46 48
47 48
48 49
50 177#desc=triangular; diff=2
0 13
0 44
0 9
0 37
0 3
0 2
0 26
0 36
0 41
0 1
1 19
1 11
1 4
1 35
1 47
1 28
2 9
2 8
2 38
2 13
2 42
2 18
2 26
3 14
3 49
3 28
3 43
4 44
4 36
4 27
5 17
5 39
5 32
5 47
5 40
5 7
6 27
6 38
6 42
6 32
6 36
6 14
7 9
7 34
7 45
7 39
7 33
7 46
7 37
7 14
7 31
7 10
7 15
7 11
7 13
8 37
8 27
8 36
8 20
8 9
8 15
8 24
8 49
9 31
9 46
9 11
9 48
9 44
10 27
10 37
10 43
10 36
10 23
10 47
10 41
10 11
10 33
11 31
11 38
11 24
11 40
11 19
11 44
12 23
12 17
12 39
13 48
13 42
13 21
13 43
14 29
14 35
14 48
14 40
14 24
15 40
15 27
15 44
15 48
15 24
15 36
15 25
16 39
16 19
16 42
17 48
17 47
17 45
17 36
17 40
17 35
17 25
18 45
18 24
18 20
18 47
19 40
19 35
20 28
20 46
20 40
20 43
20 21
21 28
22 44
22 43
22 47
22 28
23 38
23 35
23 25
23 27
23 46
24 37
24 27
24 44
26 27
27 45
27 43
28 36
28 42
28 33
29 43
29 40
30 32
30 37
30 40
30 35
31 45
32 45
32 38
32 47
33 49
34 47
34 36
34 39
35 41
35 37
36 41
36 45
36 47
36 39
37 43
38 45
38 47
38 46
38 44
39 48
39 42
39 44
41 44
41 45
42 45
42 43
43 46
43 47
44 45
50 237#desc=uniform; diff=2
0 22
0 38
0 49
0 5
0 9
0 42
0 26
0 12
0 28
0 14
0 24
0 27
1 12
1 25
1 3
1 47
1 10
1 27
1 46
1 35
1 31
1 16
1 39
1 30
1 26
2 38
2 12
2 48
2 3
2 15
2 40
2 42
2 28
2 16
2 6
3 45
3 49
3 7
3 17
3 42
3 30
3 20
3 9
3 16
3 44
3 47
4 40
4 36
4 17
4 16
4 27
4 26
4 20
4 8
4 12
4 47
4 25
4 30
4 46
4 31
5 9
5 48
5 34
6 14
6 25
6 10
6 28
6 49
7 21
7 31
7 19
7 12
7 13
7 28
7 38
7 39
7 30
7 23
7 14
7 44
7 20
8 45
8 15
9 44
9 23
9 42
9 39
9 10
9 24
9 37
9 29
9 47
9 38
9 30
9 26
10 11
10 12
10 20
10 48
10 25
10 28
10 40
10 47
10 23
10 39
11 47
11 23
11 45
12 29
12 37
12 25
12 45
12 43
12 30
13 49
13 14
13 28
14 15
14 17
14 49
14 39
14 27
14 45
14 16
14 46
14 35
15 37
15 49
15 35
15 24
15 28
15 45
15 32
16 27
16 20
16 38
16 29
16 26
16 49
16 42
16 30
17 47
17 31
17 29
17 28
18 39
18 48
18 25
18 41
18 38
18 47
18 46
18 31
18 45
18 44
18 27
18 43
19 35
19 38
20 39
20 23
21 24
22 48
23 47
23 33
23 44
23 31
23 48
24 38
24 44
24 30
24 34
24 37
24 35
24 29
24 26
25 43
25 40
26 38
26 42
26 35
26 49
26 45
26 30
26 29
27 30
27 44
27 29
27 49
27 42
27 38
27 45
27 39
28 30
28 48
28 44
29 40
29 48
29 41
29 44
29 35
30 39
30 49
30 31
31 45
31 44
31 42
31 32
32 48
32 37
33 40
34 49
35 47
35 42
35 45
35 44
35 37
35 48
35 43
36 41
37 45
37 48
37 43
37 39
38 45
38 47
39 43
39 45
40 49
40 43
40 44
42 47
42 48
43 49
44 47
44 48
45 47
50 213#desc=uniform; diff=2
0 34
0 43
0 32
0 22
0 12
0 7
0 44
0 38
0 2
1 41
1 3
1 2
1 42
1 45
1 46
1 13
1 27
1 33
1 43
1 37
1 48
1 29
1 8
1 7
2 39
2 28
2 26
2 20
2 33
2 6
2 44
2 12
2 19
2 7
2 38
3 18
3 46
3 47
3 38
3 40
3 42
3 29
4 15
4 23
4 42
4 33
4 47
4 5
4 9
4 44
4 7
4 27
4 26
5 17
5 12
5 26
6 23
6 9
6 34
6 28
6 49
6 33
6 46
6 27
6 8
6 19
6 11
6 18
7 16
7 28
7 37
7 41
7 22
8 31
8 35
8 12
8 45
8 9
8 25
8 16
8 23
8 22
8 37
9 16
9 45
9 21
9 12
9 41
9 42
10 38
10 15
11 24
12 26
12 28
12 23
12 34
12 38
12 43
12 46
12 16
12 33
12 29
13 49
14 45
14 32
14 31
15 46
15 47
15 26
15 32
15 20
15 33
15 40
15 16
16 37
16 28
16 48
16 38
16 39
16 42
16 33
17 38
17 19
17 44
17 37
17 47
18 42
18 22
18 44
18 20
18 29
19 28
19 39
19 20
19 32
19 31
19 49
19 34
19 41
19 35
20 38
20 47
20 34
21 33
22 27
22 42
22 30
22 43
22 29
22 46
23 40
23 34
24 41
25 41
26 33
26 29
26 43
26 34
26 30
26 36
26 44
27 47
27 49
27 34
27 38
27 28
27 43
27 46
28 43
28 47
28 42
28 33
28 45
29 32
29 44
29 43
29 42
29 30
29 47
29 37
30 37
30 44
30 43
31 37
31 40
31 48
31 47
32 36
33 47
33 40
33 46
34 43
34 46
34 37
35 48
36 44
37 46
37 41
37 47
38 47
38 39
38 44
39 42
41 42
42 47
42 46
42 44
42 48
43 44
43 49
44 47
44 49
46 47
50 121#desc=bimodal p1=10.849449620579168 p2=7.698762782967305 std=4.829176364779422, r=0.1788872081400582; diff=2
0 17
0 24
0 7
1 11
1 46
1 15
1 45
1 26
1 33
1 38
1 18
2 49
2 40
2 48
2 6
3 37
3 29
4 5
4 41
4 6
5 26
5 12
5 22
5 32
5 44
5 38
5 41
5 20
6 20
6 37
6 39
6 40
6 32
6 14
6 12
6 16
6 26
7 25
7 13
7 34
7 15
7 37
7 28
8 29
8 23
8 21
8 14
9 27
9 38
10 42
10 40
11 22
11 47
11 39
12 18
12 44
12 34
12 35
12 39
13 31
13 26
13 42
13 46
14 17
14 42
14 37
14 31
14 30
14 40
15 33
15 35
15 39
15 32
15 49
16 40
16 19
16 22
16 37
16 39
16 42
16 49
18 42
18 49
18 35
19 47
20 26
20 48
20 46
21 33
21 27
21 37
22 47
23 25
24 47
25 46
25 41
26 40
26 45
26 36
26 30
26 35
28 33
28 43
29 37
30 45
30 44
30 33
31 33
31 38
31 45
32 37
33 49
34 41
34 36
35 43
35 37
35 46
38 45
39 42
40 42
45 46
50 217#desc=uniform; diff=2
0 16
0 8
0 42
0 47
0 21
0 43
0 7
0 37
0 18
1 33
1 23
1 25
1 14
1 40
1 11
1 2
1 21
1 47
1 17
1 4
2 18
2 46
2 48
2 47
2 36
2 37
2 9
2 25
2 33
2 42
2 8
3 15
3 16
3 27
3 10
3 28
3 4
3 12
3 9
4 18
4 17
4 47
4 28
4 16
4 8
4 40
4 29
4 7
4 35
4 13
4 20
4 36
5 28
5 9
5 30
5 43
5 19
5 15
6 13
6 27
6 17
6 18
6 48
6 36
6 7
6 9
6 46
6 19
6 14
6 47
7 24
7 19
7 8
7 25
7 27
7 13
7 16
7 21
7 26
7 43
7 46
8 9
8 14
8 43
8 28
8 36
8 49
8 24
8 30
8 41
8 18
8 25
9 37
9 15
9 26
9 33
9 29
9 40
10 29
10 21
10 19
11 43
11 28
11 33
11 13
11 24
11 20
12 21
12 24
12 33
12 29
12 42
12 20
12 26
12 47
13 15
13 43
13 46
13 47
14 36
14 26
14 46
14 48
14 21
14 16
14 40
14 27
14 28
14 25
14 47
15 21
15 40
15 33
15 19
15 47
15 28
15 37
16 36
16 48
16 30
17 42
17 46
17 28
18 37
18 41
18 44
18 43
18 21
19 37
19 38
19 21
19 27
19 39
19 46
19 25
20 29
20 46
20 26
20 44
20 27
21 48
21 45
21 26
21 46
21 42
21 33
22 24
22 36
22 43
22 37
23 24
23 34
23 48
24 26
24 37
24 29
24 27
24 33
24 36
24 43
25 35
25 26
25 32
25 37
25 30
25 46
26 47
26 31
26 49
26 28
26 35
27 39
27 36
27 43
28 42
28 40
28 36
28 47
28 43
29 46
29 37
30 46
30 43
31 34
32 33
33 42
33 43
36 37
36 47
36 45
37 48
37 42
38 42
40 47
42 46
43 46
43 47
50 94#desc=bimodal p1=5.809482354543876 p2=11.132444697949364 std=4.548755513930195, r=0.9277198484834769; diff=2
0 15
0 47
1 10
1 42
2 31
2 26
2 46
2 17
2 36
3 38
3 44
4 21
4 41
4 9
4 42
4 27
4 47
4 29
5 11
5 37
6 47
6 35
6 33
7 45
7 48
8 41
8 29
9 18
9 47
9 42
9 44
9 48
10 49
10 32
10 21
11 21
11 43
11 28
11 23
11 27
12 15
12 23
12 20
12 30
12 17
13 21
13 48
13 27
14 36
14 35
15 25
15 24
15 40
16 28
16 41
16 19
16 33
17 20
17 39
18 44
18 21
18 34
18 33
18 29
18 32
19 24
19 20
20 25
20 28
20 30
20 33
22 38
22 34
25 35
25 29
25 49
25 27
26 43
28 49
28 42
29 42
29 37
29 43
30 48
31 47
33 48
35 41
36 47
38 40
38 46
39 44
40 41
41 49
45 49
50 186#desc=triangular; diff=2
0 25
0 20
0 11
0 49
0 45
1 21
1 36
1 31
1 35
1 26
1 47
1 11
1 23
2 26
2 16
2 37
2 10
2 45
3 23
3 6
3 17
3 11
3 18
3 35
3 5
3 36
3 30
4 29
4 14
4 18
4 37
4 30
4 21
4 5
4 13
4 35
4 32
4 16
4 15
4 11
4 33
5 30
5 32
5 40
5 20
5 28
5 44
5 43
6 24
6 19
6 35
6 13
6 27
6 44
6 37
6 29
6 17
6 8
6 25
7 32
7 41
7 45
7 49
7 14
7 23
7 37
7 33
7 39
7 30
8 31
8 42
9 17
9 24
9 19
9 29
9 22
10 43
10 31
10 37
10 21
10 30
10 32
10 18
10 16
10 44
10 46
10 17
11 19
11 43
12 32
12 20
12 46
12 44
12 45
12 16
13 29
13 16
13 20
13 34
13 23
13 49
14 38
14 18
14 29
15 46
15 21
15 45
15 34
16 18
16 20
16 29
16 36
16 31
16 42
16 46
16 28
16 33
17 23
17 29
18 36
18 24
19 24
19 20
19 48
19 41
19 46
20 37
20 43
20 36
20 47
20 48
20 45
20 35
21 39
21 45
21 37
21 29
22 29
22 41
22 32
23 45
24 35
25 41
25 43
25 42
26 27
26 47
27 44
28 34
28 49
28 42
28 36
29 43
29 37
29 31
29 35
29 34
29 36
30 40
30 41
30 36
31 48
32 34
32 44
32 41
32 46
33 41
34 41
34 47
34 45
34 42
35 36
35 46
35 45
36 38
36 39
37 44
37 42
39 46
40 42
41 45
41 47
42 49
43 44
44 45
45 48
50 192#desc=uniform; diff=2
0 17
0 6
0 40
0 18
0 15
0 11
0 35
0 8
0 5
0 22
1 13
1 25
1 10
2 7
2 49
2 39
3 5
3 16
3 13
3 32
3 47
3 25
3 38
3 22
3 9
3 26
3 35
3 33
3 15
3 37
4 21
4 15
4 31
4 27
4 11
4 39
4 9
4 24
4 18
4 13
5 23
5 48
5 38
5 29
5 14
5 42
5 43
5 32
5 25
5 20
5 13
5 26
6 42
6 24
6 27
6 35
6 34
6 8
6 30
6 12
6 14
6 26
6 25
6 48
6 9
7 22
7 37
7 18
7 34
7 21
7 20
7 38
7 41
8 27
8 17
8 29
8 28
8 46
8 32
8 12
9 23
9 27
9 38
9 13
9 26
9 31
9 34
9 29
9 18
10 23
10 41
10 21
11 49
11 35
11 16
12 29
12 15
12 13
12 45
13 39
13 40
13 32
13 47
13 21
13 35
13 24
13 34
14 34
14 37
14 35
14 41
14 17
14 45
14 22
14 30
14 25
14 26
15 27
15 45
15 22
15 23
15 20
17 23
17 18
18 29
18 30
18 33
18 22
18 25
18 31
19 29
19 44
20 36
20 42
20 29
20 37
20 23
21 43
21 23
22 36
22 35
22 48
23 32
23 31
23 25
23 48
23 27
23 26
24 27
24 29
24 38
25 45
25 43
25 44
25 28
25 29
25 47
25 26
26 37
26 32
26 42
26 41
26 31
27 48
27 45
27 32
28 32
28 33
29 47
30 32
30 45
30 38
31 41
31 45
31 39
31 35
33 48
33 39
34 49
35 43
35 39
35 36
35 48
35 40
35 38
37 45
37 38
37 42
38 46
38 42
41 43
45 48
50 152#desc=log-normal; diff=2
0 26
0 40
0 17
1 27
1 41
1 15
1 49
1 4
1 43
1 18
1 36
1 13
1 9
1 23
2 33
2 24
2 47
2 21
2 40
2 19
2 15
2 7
2 12
3 47
3 13
3 20
3 19
3 23
4 21
4 45
4 47
5 6
5 9
5 11
5 30
5 8
5 32
6 27
6 49
7 16
7 9
7 23
7 37
7 11
7 35
8 48
8 28
8 16
9 19
9 35
9 48
9 27
9 45
9 42
9 46
9 20
10 44
10 22
10 15
10 34
10 33
10 25
11 32
11 45
11 27
11 30
11 28
12 14
12 23
12 42
12 36
13 42
13 27
13 20
13 44
14 42
14 40
14 19
15 47
15 45
15 38
16 31
16 30
16 43
17 21
17 27
17 23
18 21
18 28
18 42
19 20
19 44
19 46
19 32
20 43
20 32
20 26
20 21
21 24
21 27
21 44
21 40
21 38
22 37
22 23
23 46
23 25
23 30
23 43
23 27
23 32
24 30
24 32
25 30
26 28
27 41
27 42
27 40
27 30
27 47
28 38
28 31
29 49
29 47
29 45
30 39
30 37
30 49
30 47
30 38
30 46
31 38
31 40
33 48
34 35
34 40
34 38
34 43
35 42
35 45
36 44
36 48
36 47
38 42
38 49
39 48
39 40
40 49
41 48
44 49
45 47
45 49
50 159# diff=2
0 12
0 45
1 25
1 15
2 36
2 33
2 41
2 3
3 22
3 4
3 43
3 11
3 10
3 7
3 9
4 33
4 6
4 21
4 16
4 44
4 27
4 31
4 48
4 49
4 5
4 42
5 19
5 6
5 7
6 47
6 21
6 26
6 14
6 29
6 31
6 42
7 19
7 37
7 49
7 46
7 39
7 24
7 8
7 34
7 9
7 30
7 26
8 14
8 26
8 34
8 38
9 27
9 20
9 24
9 25
9 14
10 29
10 39
10 41
11 48
11 38
11 34
11 39
11 35
11 15
12 44
12 34
13 30
13 31
13 46
13 15
13 48
13 26
13 33
13 37
13 22
14 41
14 23
14 45
14 46
15 30
15 28
16 45
16 42
16 27
16 22
16 48
16 32
17 22
17 40
18 40
18 48
18 43
18 31
18 41
18 45
18 39
18 26
19 42
19 32
19 28
20 28
21 33
21 39
21 36
21 29
22 24
22 25
22 31
22 37
23 28
23 44
23 48
23 25
23 49
23 43
24 26
24 42
24 49
24 40
25 49
26 46
26 48
26 43
27 49
27 39
27 38
27 47
27 48
27 31
28 41
28 37
29 30
29 39
29 31
30 44
30 49
31 38
31 35
31 37
31 41
33 35
33 45
33 34
33 37
34 46
35 41
35 43
35 48
35 46
36 38
39 49
39 46
40 48
40 49
40 46
41 43
46 47
48 49
100 349# diff=2
0 97
0 9
0 47
0 2
0 63
0 70
0 78
1 63
1 38
1 94
2 5
2 6
2 29
2 25
2 8
2 93
3 68
3 46
3 69
3 71
3 94
3 39
3 75
4 17
4 5
4 40
4 42
4 23
4 78
4 45
4 20
5 38
5 91
5 18
5 47
5 10
6 45
6 15
7 31
7 22
7 58
7 51
7 39
7 67
7 53
7 71
7 24
8 62
8 55
9 62
9 54
9 10
9 60
9 19
10 85
10 48
10 66
10 19
10 27
10 78
10 36
11 32
11 36
11 92
12 87
12 20
12 56
12 83
13 14
13 21
13 67
14 43
14 62
14 32
14 20
14 56
14 68
14 19
15 21
15 43
15 83
15 75
15 65
16 62
16 93
16 56
16 76
16 67
16 68
16 59
16 83
17 71
17 61
17 52
17 76
17 93
17 21
17 77
18 98
18 49
18 58
18 82
18 69
18 46
18 65
19 71
19 30
19 75
19 89
19 63
19 42
20 96
20 57
20 80
20 76
20 36
20 30
21 69
21 42
21 73
21 23
21 64
21 41
21 99
22 63
22 79
22 88
22 28
22 99
23 31
23 92
23 86
23 53
24 76
24 50
24 73
25 67
26 71
26 99
26 66
26 94
26 83
26 68
27 70
27 42
27 98
27 37
27 41
27 93
27 97
27 62
27 47
28 46
29 48
29 35
29 44
29 77
29 72
29 32
29 85
29 37
30 33
30 77
30 94
31 85
31 74
31 61
31 93
32 58
32 76
32 85
32 56
32 39
33 94
34 86
34 76
34 88
34 77
34 68
35 61
35 80
35 98
35 99
35 36
35 64
35 39
35 43
35 45
36 81
36 39
36 97
36 70
36 92
37 65
37 88
37 52
37 79
37 82
37 53
38 52
38 58
38 89
38 39
38 43
38 57
38 65
39 57
39 67
39 70
39 59
40 62
40 64
40 78
40 82
41 80
41 84
41 52
41 70
41 98
42 60
42 50
42 43
42 79
43 51
43 68
43 73
44 70
44 53
44 67
44 62
44 85
44 95
44 63
45 73
46 48
46 57
46 97
46 73
46 86
46 72
47 86
47 95
47 61
47 67
47 88
48 93
48 59
49 52
49 96
49 79
50 61
50 52
51 80
51 56
51 77
51 85
52 65
52 72
52 92
52 81
52 73
53 67
53 81
54 84
55 60
55 75
55 79
55 58
55 74
56 89
56 73
57 77
57 64
57 85
57 90
57 73
58 94
58 66
58 80
58 81
58 92
59 98
60 87
61 90
61 98
61 89
61 84
61 79
62 64
62 74
62 70
62 77
62 71
62 87
63 90
63 77
63 97
63 84
63 68
63 78
64 85
64 83
64 73
64 78
65 66
65 75
65 73
66 85
66 71
66 79
67 68
67 85
68 93
68 91
69 89
69 94
70 91
70 99
70 95
71 93
71 86
72 87
72 98
73 74
73 75
74 82
74 98
74 96
75 93
75 89
75 99
76 92
78 94
79 85
79 91
79 80
80 92
82 96
84 85
85 90
86 97
86 95
87 98
90 96
92 98
93 98
94 97
94 96
95 98
100 354# diff=2
0 97
0 4
1 85
1 32
1 16
2 42
2 66
3 22
3 11
3 73
3 89
3 29
3 47
3 99
3 33
4 22
4 78
4 13
4 76
4 38
4 10
5 59
5 47
5 79
5 14
5 85
5 57
6 22
6 82
6 99
6 48
6 43
6 41
6 88
7 66
7 31
7 32
7 50
8 53
8 41
8 85
8 55
9 54
9 98
9 19
9 84
9 85
9 24
9 39
9 92
10 39
10 42
10 48
10 81
10 66
10 41
10 29
10 40
11 47
11 12
11 20
11 59
11 66
11 56
12 48
12 70
12 77
12 31
12 76
12 39
13 20
13 59
13 60
13 81
13 14
14 36
14 71
14 54
14 32
14 80
14 75
15 89
15 90
15 93
15 34
15 48
16 66
16 28
17 69
17 80
17 68
17 89
17 46
18 24
18 83
18 98
18 79
18 64
18 72
18 22
18 70
19 29
19 38
19 31
19 23
19 92
20 35
20 83
20 22
20 89
20 28
21 60
21 67
21 57
21 38
21 26
21 95
21 28
22 44
22 74
22 73
22 29
22 78
23 26
23 66
23 73
23 90
24 30
24 85
24 47
24 68
24 70
24 32
24 65
25 79
25 87
25 27
25 39
25 37
26 33
26 95
26 38
26 88
26 94
26 31
27 67
27 59
27 64
27 36
27 94
27 75
27 65
27 84
28 61
28 38
28 33
29 31
29 71
29 42
29 90
29 85
29 87
30 45
30 56
30 74
30 85
30 80
31 78
31 66
31 89
31 93
31 79
31 67
31 91
31 40
32 55
32 39
32 86
32 47
33 79
33 54
33 72
33 41
33 76
33 67
33 49
33 56
33 90
33 37
34 64
35 39
35 58
35 63
35 52
35 56
35 96
36 75
36 41
36 76
36 61
37 39
37 67
37 64
37 88
37 83
37 41
38 90
38 79
38 72
39 42
39 58
39 84
39 47
39 82
40 81
40 76
40 57
40 59
42 90
42 82
42 44
43 47
43 69
43 53
43 64
43 68
43 46
44 63
44 47
44 61
44 77
45 60
45 91
45 49
45 65
46 54
46 62
46 89
46 74
46 96
47 63
47 73
48 66
48 89
48 62
48 82
48 96
48 58
48 86
48 72
48 73
48 57
49 52
49 80
50 51
51 67
51 54
51 84
52 77
52 85
52 66
53 94
53 86
53 61
53 59
54 58
54 65
54 81
54 68
54 57
55 77
55 95
55 87
55 83
55 85
55 84
56 74
56 63
56 61
56 60
56 65
56 84
57 69
57 58
57 87
57 70
57 88
57 71
57 68
57 67
58 68
59 70
59 65
59 80
59 78
60 83
60 78
60 68
60 66
60 89
61 74
61 71
62 92
63 92
63 75
64 72
64 76
64 93
64 82
65 74
65 83
65 67
66 95
67 74
68 69
68 95
68 75
68 80
68 98
68 71
69 75
69 95
69 94
70 86
70 81
70 95
71 86
71 89
72 83
73 74
73 94
74 80
74 84
75 98
75 92
76 93
77 86
77 80
78 79
79 87
79 82
80 97
81 96
81 87
82 91
83 96
85 95
86 89
88 94
88 92
89 97
89 94
94 96
97 99
100 349# diff=2
0 26
0 54
0 53
0 27
0 1
0 92
1 56
1 41
1 87
1 21
1 48
2 97
2 94
2 6
2 14
2 70
2 44
3 74
3 24
3 68
3 14
3 17
3 28
3 13
3 96
3 62
4 73
4 46
4 72
4 47
4 26
4 39
4 8
4 80
4 88
5 33
5 76
5 98
5 79
5 66
6 19
6 97
6 37
7 13
7 19
7 53
7 83
8 77
8 70
8 79
8 75
8 91
9 81
9 70
9 43
9 25
9 92
9 36
9 95
10 94
10 65
10 38
10 51
10 35
10 64
10 12
11 92
11 17
11 98
11 16
11 39
11 51
12 32
12 29
12 59
12 74
12 77
12 66
13 74
13 48
13 54
13 97
13 80
14 77
14 30
14 86
14 15
14 66
14 91
14 89
14 75
14 51
15 54
15 82
15 39
15 98
15 94
15 53
16 35
16 84
17 80
17 52
17 68
17 87
17 66
17 42
17 28
18 69
18 41
18 58
18 73
18 21
18 74
18 63
18 31
18 56
18 71
18 22
18 92
19 74
19 37
19 62
19 56
19 61
19 82
19 52
19 81
19 97
19 28
19 92
19 78
20 52
20 53
20 23
20 59
20 78
20 22
21 51
21 99
21 69
21 97
21 82
21 86
21 43
21 84
22 87
22 38
22 78
22 81
22 26
22 66
22 58
23 41
23 57
23 71
23 97
24 78
24 73
24 71
24 75
24 99
24 95
24 64
24 93
25 79
25 76
26 48
26 56
26 86
27 46
27 90
27 98
27 91
27 56
27 34
27 45
27 95
27 33
27 60
27 81
27 93
27 73
28 46
28 75
29 68
30 52
30 49
30 69
30 68
30 64
31 80
31 69
32 40
32 77
32 61
32 86
32 44
32 97
33 70
33 88
33 56
33 91
33 57
33 69
33 76
33 66
33 74
34 72
34 54
34 78
34 68
35 73
35 80
35 75
35 63
36 54
36 47
37 64
37 82
37 79
38 80
39 90
40 69
40 63
40 53
40 57
40 89
40 98
40 60
40 78
41 84
41 74
41 44
41 81
41 45
41 54
42 43
42 75
42 51
42 63
42 57
43 92
43 90
43 74
43 45
44 88
44 78
44 60
45 98
45 75
45 73
45 77
45 96
45 56
46 84
46 50
46 85
46 71
47 73
47 91
47 53
47 88
48 62
49 91
49 53
50 73
50 68
51 88
51 65
51 84
51 94
52 94
52 54
53 60
53 56
53 65
53 61
53 84
54 66
54 78
54 74
54 58
54 57
55 99
55 92
55 97
56 67
56 79
58 82
58 89
58 94
59 99
59 87
59 62
60 65
60 94
60 78
60 68
61 63
61 64
62 70
63 88
63 80
63 85
64 71
64 75
64 70
65 86
65 90
65 69
65 80
65 98
66 97
66 86
66 80
67 71
68 79
68 69
70 82
71 97
72 81
72 74
73 95
73 94
74 97
75 95
75 80
75 99
76 93
76 88
76 80
76 82
77 86
77 78
77 83
78 89
79 90
82 94
82 99
82 98
84 88
84 90
84 86
85 89
85 88
85 98
87 98
94 98
97 99
100 356# diff=2
0 61
0 19
0 5
0 43
0 59
0 70
0 50
0 80
1 10
1 74
1 35
1 12
2 21
2 67
2 24
2 16
2 73
2 62
3 33
3 96
3 58
3 86
3 74
3 81
3 56
3 76
3 80
4 27
4 85
4 33
4 53
4 77
4 84
5 94
6 24
6 76
6 16
6 92
7 72
7 33
7 60
7 65
7 49
7 67
8 9
8 20
8 58
8 33
8 43
9 48
9 59
9 49
9 85
9 35
9 89
9 77
9 16
10 96
10 22
10 32
10 70
10 45
10 38
10 79
10 75
11 65
11 28
12 69
12 86
12 90
12 98
12 95
12 32
12 84
13 81
13 70
13 86
13 82
14 20
14 27
14 16
14 43
15 35
16 52
16 50
16 40
16 20
16 83
16 62
17 82
17 42
17 69
17 48
17 83
17 96
17 71
17 30
18 22
18 49
18 86
18 32
18 79
18 87
18 20
18 91
18 31
19 28
19 69
19 90
19 80
19 58
19 38
20 46
20 56
20 63
20 34
21 63
21 96
21 60
21 76
21 75
21 71
21 33
21 62
22 52
22 39
22 74
22 94
22 57
22 59
23 63
23 90
23 55
23 70
23 53
23 89
24 89
24 91
24 43
24 62
24 95
25 31
25 93
26 55
26 83
26 45
26 77
27 53
27 94
27 98
27 57
27 39
27 78
27 40
27 92
28 73
28 79
28 83
29 54
29 79
29 53
29 60
29 40
29 39
30 31
30 96
30 66
30 69
30 42
30 51
30 67
30 39
31 35
31 52
31 60
31 87
31 49
32 49
32 69
32 48
32 55
33 92
33 88
33 70
33 80
33 84
33 45
33 93
33 56
34 40
34 90
34 53
34 50
34 55
34 44
34 41
34 85
34 80
35 61
35 87
35 90
35 75
36 65
36 90
36 64
36 83
36 61
36 75
36 93
36 62
37 65
37 71
37 85
37 69
38 68
38 93
38 73
38 46
38 83
38 44
38 76
39 90
39 45
39 76
39 47
39 77
39 73
40 45
40 48
40 73
40 42
40 47
40 91
41 76
41 45
41 54
41 81
41 66
41 43
42 56
42 89
42 71
42 54
42 76
42 67
43 76
43 60
43 57
43 89
43 46
43 62
45 87
45 85
45 68
45 86
45 48
45 58
47 61
47 69
48 91
49 93
49 75
50 94
50 62
50 65
50 75
50 81
51 66
51 85
52 91
52 58
52 71
52 73
53 59
53 62
54 85
54 90
54 97
55 77
55 81
55 94
55 66
56 74
56 63
56 73
56 67
56 82
56 86
57 58
57 75
58 99
58 97
58 88
59 60
59 67
59 91
59 89
59 77
60 75
60 87
60 63
60 80
61 90
62 93
62 92
62 98
62 95
62 94
62 71
63 74
63 89
63 70
64 80
64 96
65 71
65 91
65 68
66 70
66 67
66 76
67 83
67 93
67 86
67 75
68 95
69 92
69 75
70 89
70 87
70 77
70 86
71 82
71 84
72 84
74 81
74 83
74 94
76 91
77 92
77 82
77 96
78 93
79 86
79 95
79 88
81 85
81 87
82 89
84 85
86 92
86 93
86 96
87 90
88 95
88 98
96 98
100 358# diff=2
0 95
0 93
0 41
0 89
0 49
0 19
0 20
0 40
0 91
0 25
1 81
1 21
1 33
1 93
1 76
1 74
1 56
1 70
1 57
2 80
2 77
2 79
2 35
2 6
2 43
3 60
3 25
3 99
3 93
3 23
3 56
3 53
3 16
4 97
4 13
4 14
4 39
4 45
4 79
4 21
4 56
4 30
5 72
5 86
5 46
5 54
5 51
6 49
6 36
6 78
6 79
6 99
6 39
6 44
6 23
7 54
7 79
7 29
7 33
7 65
7 84
8 29
8 52
8 28
8 15
8 97
8 98
8 30
8 90
8 11
8 40
9 84
9 16
9 65
9 26
10 49
10 30
10 33
10 95
10 56
11 26
11 46
11 27
11 81
11 51
11 25
11 62
11 87
11 29
11 57
11 42
11 15
12 59
12 31
12 42
12 13
12 76
12 47
13 49
13 26
13 39
13 22
13 78
13 70
13 55
13 45
13 89
13 75
13 69
13 37
14 75
14 82
14 39
14 32
14 94
14 76
14 77
15 89
15 69
15 18
15 93
16 42
17 77
17 63
17 47
17 35
18 76
18 79
18 37
18 40
18 78
18 22
18 27
18 70
19 74
20 29
20 91
20 61
20 42
20 81
20 65
20 26
21 86
21 47
21 48
21 55
21 52
21 58
22 94
22 79
22 98
22 72
22 93
22 35
22 46
22 60
23 40
23 66
23 99
23 31
24 52
24 89
24 75
24 64
24 88
25 86
25 27
25 74
25 59
25 98
25 46
25 43
26 94
26 41
26 28
26 43
26 85
26 71
27 44
27 82
27 84
27 64
27 31
27 78
27 56
27 76
27 43
27 86
28 89
28 42
28 70
28 34
28 61
29 96
29 94
29 38
29 34
29 99
29 87
29 55
29 81
29 70
30 55
30 65
30 75
30 41
30 31
30 39
30 57
30 83
30 69
31 89
31 99
31 62
31 70
31 47
31 96
31 80
32 43
32 86
32 89
32 42
33 57
33 76
33 54
33 40
34 60
34 71
34 54
34 68
34 39
35 41
35 69
35 65
35 56
36 63
36 42
36 41
36 76
36 78
36 92
37 46
37 57
37 50
38 39
39 88
39 53
39 87
40 67
40 45
40 44
41 97
41 66
41 63
42 95
42 65
43 66
43 59
43 75
43 53
43 99
43 69
44 78
44 82
45 49
45 79
45 74
45 59
45 95
46 96
46 53
46 55
46 58
47 54
47 53
47 85
47 74
47 69
48 59
48 85
48 94
49 97
49 86
49 91
49 79
49 76
50 93
50 72
50 63
50 61
50 70
51 71
51 55
52 76
52 96
53 84
53 86
53 72
54 73
54 66
54 89
54 59
55 92
55 68
55 71
55 82
55 76
56 73
57 91
57 96
57 67
57 65
57 89
57 97
58 88
59 65
59 78
59 98
59 60
59 68
60 81
60 88
60 69
60 86
60 96
61 75
61 97
61 63
62 69
62 81
62 89
63 65
63 87
66 86
66 97
66 76
67 98
68 69
68 87
70 82
72 73
73 74
74 81
76 90
77 93
78 83
78 79
79 83
79 80
81 84
83 88
83 98
84 87
84 98
85 95
88 93
94 95
96 97
