8
100 359
0 75
0 23
0 81
0 88
0 35
0 6
0 89
0 60
1 36
1 39
1 28
1 6
1 4
1 22
1 42
2 71
2 70
2 73
2 27
2 83
2 8
2 54
2 55
3 15
3 60
3 9
3 56
3 40
3 23
3 25
3 74
3 59
3 93
4 12
4 76
4 80
5 37
5 47
5 93
5 73
5 9
5 36
5 7
5 56
5 80
6 11
6 71
6 84
6 87
6 50
6 37
7 46
7 68
7 55
7 26
7 96
8 54
9 69
9 93
9 26
9 81
9 24
9 66
9 27
9 64
10 70
10 95
10 35
10 18
10 24
10 36
10 96
10 86
11 45
11 87
11 20
11 73
12 15
12 47
12 22
12 95
12 45
12 50
12 81
12 30
12 20
13 22
13 26
13 23
13 54
13 50
14 49
14 20
14 37
15 24
15 27
15 38
15 47
15 45
15 31
16 30
16 34
17 29
17 22
17 79
17 74
17 61
17 93
17 53
17 40
17 36
17 83
17 54
18 38
18 96
18 97
18 71
18 22
19 24
19 55
19 87
19 89
20 57
20 30
20 70
20 48
20 23
20 21
20 24
20 41
20 34
21 86
21 60
21 51
21 29
21 76
21 83
21 85
21 26
22 45
22 59
22 99
22 96
23 28
23 59
23 80
23 33
24 90
24 29
24 79
24 92
24 44
24 71
24 74
25 69
25 65
25 58
25 79
25 77
25 96
26 98
26 35
26 45
26 61
26 95
26 39
27 63
27 58
27 75
27 38
27 32
27 82
27 77
28 35
28 44
28 87
28 90
28 43
28 82
28 37
28 71
28 52
28 47
29 80
29 83
29 41
30 57
30 87
30 72
30 75
31 84
31 57
32 65
32 35
32 36
32 86
33 66
33 45
33 58
34 61
34 47
34 71
34 85
34 88
34 74
34 35
35 36
35 83
35 65
36 81
36 52
36 40
36 43
37 57
37 75
37 58
37 38
38 43
38 63
38 64
38 49
38 96
39 90
39 55
39 44
39 88
39 73
39 59
40 52
40 49
40 57
40 84
40 76
40 91
40 54
40 79
41 52
41 71
41 97
41 79
41 65
42 81
43 46
43 47
43 89
43 86
43 78
44 63
44 99
44 86
44 54
45 69
45 78
45 56
45 51
45 97
45 70
46 72
46 95
47 88
48 59
49 78
49 99
49 94
49 56
49 54
49 93
49 73
50 61
50 68
50 62
51 73
51 59
52 97
52 54
53 67
53 71
53 64
53 63
53 89
53 99
53 56
54 89
54 61
54 59
55 93
55 97
56 59
56 64
56 65
57 94
57 92
58 74
58 71
58 82
59 92
60 90
60 61
60 68
60 91
60 79
61 63
62 87
63 69
63 75
63 80
63 92
63 71
64 69
64 78
65 92
66 95
66 90
66 78
66 74
66 87
67 70
67 68
68 98
68 83
69 88
69 99
70 88
70 84
70 75
72 81
72 90
73 82
75 79
75 77
75 82
76 88
77 78
77 99
77 95
78 94
78 99
82 87
82 97
82 85
82 92
83 88
83 90
83 92
83 93
84 88
84 94
84 99
86 96
87 89
87 96
87 95
88 95
88 99
89 97
90 94
90 99
91 93
95 99
100 326
0 37
0 79
0 29
0 24
0 43
0 66
0 11
0 1
1 59
1 89
1 45
1 84
1 67
1 96
1 88
2 12
2 85
2 57
2 78
2 71
2 16
2 38
2 26
3 15
3 83
3 71
3 79
4 31
4 32
4 61
4 36
4 29
4 30
4 54
4 48
5 64
5 12
5 69
6 12
6 58
6 89
6 11
6 21
6 68
6 94
6 57
7 59
7 23
7 21
7 35
7 56
7 65
8 25
8 88
8 46
8 49
9 37
9 42
9 49
9 60
9 61
9 66
9 68
9 22
9 43
10 15
10 93
10 30
10 46
10 58
10 67
11 37
11 41
11 94
11 65
11 20
11 48
11 19
12 90
12 40
12 61
12 68
12 72
13 31
13 84
13 73
13 91
13 22
13 45
13 53
13 70
14 25
14 91
14 73
14 53
15 24
15 53
15 82
15 96
15 98
16 23
16 53
16 74
16 60
16 48
17 90
17 27
17 68
17 35
17 19
17 95
18 92
18 65
18 38
18 22
18 63
18 33
18 50
19 31
19 74
19 71
19 38
19 50
19 67
20 93
20 28
20 61
20 22
20 62
20 50
21 60
21 38
21 76
21 24
22 31
22 52
22 75
22 34
23 39
23 43
23 52
23 89
24 85
24 88
24 73
24 87
25 77
25 54
26 90
26 70
26 28
26 33
26 84
27 81
27 44
27 74
28 51
28 63
28 98
29 92
29 58
29 48
29 47
29 84
29 40
30 36
30 72
30 45
30 58
31 90
31 81
31 62
31 74
32 51
32 58
32 86
32 50
33 37
33 36
33 45
33 58
33 88
33 50
33 40
34 77
34 45
34 46
34 95
34 39
34 57
34 40
35 68
35 53
35 44
35 80
36 92
36 61
36 69
36 88
36 95
37 64
37 59
37 50
37 78
37 84
38 77
38 49
38 56
38 89
39 75
39 85
39 60
39 55
40 86
40 98
40 87
40 84
41 51
41 75
41 98
41 42
42 92
42 44
42 43
42 49
42 55
42 87
43 46
43 80
44 51
44 74
45 77
45 60
45 70
46 97
46 48
47 77
47 94
47 56
47 72
47 79
47 87
48 59
48 97
48 50
48 62
49 77
49 82
49 62
50 86
50 67
51 93
52 78
52 76
52 96
52 66
53 99
53 78
54 82
54 78
55 59
55 88
55 66
55 65
55 97
55 95
56 79
56 75
56 71
57 77
57 60
57 84
57 96
57 72
59 93
59 66
59 87
59 88
60 92
60 82
61 80
61 98
62 87
62 99
62 95
63 64
63 72
64 76
65 80
66 69
66 96
66 88
67 82
68 91
68 94
68 96
70 83
70 73
72 96
72 99
72 80
73 83
74 78
74 94
74 95
75 83
76 97
77 93
78 95
78 97
78 98
80 92
80 82
81 86
81 99
83 85
84 85
87 94
87 89
89 91
90 91
90 97
91 98
92 93
92 95
93 94
100 399
0 41
0 87
0 96
0 72
0 69
0 47
0 1
0 45
1 99
1 33
1 7
1 61
1 63
1 88
1 55
2 41
2 65
2 69
2 52
2 74
2 6
2 29
2 18
3 41
3 93
3 78
3 18
3 4
3 74
3 77
3 72
4 66
4 92
4 39
4 97
4 89
4 90
4 13
4 71
4 29
4 47
5 15
5 46
5 90
5 11
5 30
5 61
5 28
6 17
6 23
6 93
6 25
7 66
7 72
7 71
7 88
7 33
8 35
8 67
8 44
8 47
8 27
8 81
8 40
9 35
9 70
9 91
9 16
9 51
9 80
10 99
10 65
10 38
10 28
10 77
10 33
10 85
10 57
10 88
11 66
11 90
11 45
11 44
11 49
11 25
11 69
11 32
11 73
12 99
12 46
12 97
12 76
12 68
12 38
12 80
12 92
12 36
13 66
13 47
13 83
13 32
13 52
13 89
13 76
13 68
13 87
14 37
14 98
14 41
14 82
14 26
14 32
14 39
14 62
14 87
15 99
15 70
15 41
15 75
15 76
15 92
16 60
16 20
16 22
16 32
16 51
17 70
17 46
17 78
17 79
18 70
18 59
18 85
18 71
18 50
18 52
18 42
18 77
18 26
19 35
19 60
19 56
19 24
19 65
19 74
19 36
20 37
20 45
20 31
20 22
21 91
21 34
21 58
21 60
21 93
21 95
22 53
22 47
22 24
23 35
23 28
23 54
23 65
23 44
23 61
24 98
24 79
24 34
24 26
24 60
24 89
25 41
25 27
25 52
25 73
25 86
25 64
26 28
26 77
26 61
26 87
26 42
26 88
27 53
27 79
27 77
28 35
28 95
28 49
29 70
29 44
29 38
29 95
29 88
29 57
29 61
29 77
30 66
30 65
30 39
30 52
30 43
30 75
30 58
30 36
30 62
30 42
31 82
31 40
31 52
31 46
31 43
31 64
31 94
31 50
31 87
32 83
32 43
32 94
32 62
32 50
33 98
33 75
33 39
33 81
33 52
34 58
34 40
34 97
34 86
35 68
35 73
36 70
36 55
36 65
36 80
36 79
36 62
36 44
36 85
37 69
37 83
37 84
37 86
38 98
38 58
38 51
38 49
38 84
39 92
39 68
39 61
39 50
39 96
40 98
40 43
40 42
40 86
40 50
41 81
41 97
42 82
42 44
42 61
42 93
42 76
42 71
42 47
43 70
43 79
43 48
43 52
43 71
43 96
43 80
44 82
44 64
44 51
44 54
44 55
45 82
45 83
45 71
45 64
45 94
45 47
45 81
45 88
46 89
47 82
47 74
47 97
47 55
48 99
48 97
48 65
48 61
48 85
48 71
48 90
48 74
49 70
49 97
49 89
49 50
49 57
49 55
49 95
50 82
50 52
50 62
50 90
50 74
51 88
51 55
52 66
52 96
53 66
53 56
53 67
54 99
54 72
54 67
54 57
54 87
54 90
55 70
55 75
55 94
55 68
55 95
56 84
56 92
56 80
57 99
57 59
57 92
57 75
57 64
58 68
58 78
59 91
59 72
60 83
60 94
61 66
61 62
62 93
62 81
62 86
63 91
63 65
63 94
64 99
64 81
64 90
65 82
65 96
65 72
66 70
66 71
66 88
67 94
67 71
68 87
69 75
69 88
70 90
71 72
71 76
72 82
72 76
72 86
72 85
73 83
73 84
73 96
73 77
74 99
74 96
74 88
75 80
76 84
77 82
77 89
77 90
77 81
78 84
78 96
81 95
82 96
85 98
85 93
85 96
87 96
88 92
89 98
90 97
94 98
100 312
0 13
0 29
0 55
0 16
0 70
0 95
0 15
0 98
1 45
1 21
1 69
1 95
2 8
2 51
2 36
2 4
2 43
2 65
2 70
3 62
3 23
3 77
3 74
3 98
3 97
3 33
4 18
4 23
4 58
4 83
5 62
5 74
5 7
5 96
5 39
5 47
5 29
6 36
6 69
6 14
6 80
6 12
6 38
6 98
6 71
7 28
7 88
7 66
7 92
7 22
8 14
8 49
8 78
8 98
9 45
9 16
9 46
9 40
10 13
10 62
10 54
10 39
10 59
10 63
10 72
10 97
11 51
11 55
11 39
11 16
11 70
11 24
12 45
12 77
12 64
13 28
13 29
13 33
13 60
13 75
13 82
14 70
14 81
14 83
15 52
15 77
15 92
15 19
15 33
15 99
16 89
16 65
16 53
17 48
17 25
17 56
17 34
17 55
17 53
17 91
18 88
18 20
18 79
18 75
19 48
19 65
19 77
19 61
19 55
19 98
20 86
20 97
20 69
20 40
20 30
21 52
21 43
21 73
21 30
21 47
21 97
22 32
22 85
22 35
22 37
22 33
22 63
23 67
23 70
23 90
24 52
24 71
24 46
24 29
24 78
24 69
25 48
25 38
25 68
25 35
25 34
25 33
26 51
26 31
26 90
26 93
27 54
27 83
27 56
27 91
27 78
27 47
28 51
28 76
28 74
28 94
29 68
29 93
29 78
29 50
30 52
30 56
30 49
30 84
30 99
31 81
31 70
32 89
32 52
32 48
32 47
32 71
32 88
32 92
33 58
33 84
33 64
34 62
34 72
34 44
34 88
35 54
35 99
35 40
35 90
36 48
36 38
36 41
36 64
36 73
36 80
37 89
37 46
37 71
37 38
37 87
38 85
38 58
38 80
38 63
39 55
39 43
39 72
39 40
39 61
40 86
40 65
41 59
41 56
41 88
41 72
41 69
41 92
41 74
42 52
42 44
42 57
42 96
43 82
43 88
43 99
43 94
44 63
44 73
45 54
46 76
46 49
47 63
47 57
47 50
47 85
48 69
48 99
49 53
49 73
50 51
50 63
50 95
50 84
51 91
52 81
53 62
53 82
53 90
53 73
54 68
54 77
55 86
56 62
56 97
56 87
57 71
57 85
58 66
58 91
59 97
59 60
59 61
59 92
59 95
60 93
60 94
60 92
60 63
60 80
60 75
61 89
61 91
61 78
62 86
64 79
64 82
64 74
64 75
64 80
65 84
65 68
65 77
66 76
66 71
66 83
67 89
67 83
67 94
67 79
67 88
68 73
68 94
69 81
71 99
71 82
72 92
72 85
72 82
73 96
73 82
74 88
75 95
75 80
76 79
76 87
79 99
80 84
81 87
81 82
81 92
84 89
85 86
86 95
87 96
91 94
93 97
100 381
0 78
0 73
0 20
0 58
0 19
0 52
0 14
0 9
0 89
1 47
1 59
1 12
1 49
1 34
2 48
2 63
2 94
2 51
2 50
2 11
2 98
2 28
2 23
3 47
3 13
3 5
3 14
3 25
3 28
3 50
3 51
3 72
3 86
4 48
4 21
4 40
4 97
4 94
4 51
4 25
4 61
4 53
5 37
5 39
5 55
5 68
6 66
6 17
6 85
6 80
6 84
6 52
6 45
6 12
7 13
7 52
7 54
7 18
7 58
8 15
8 89
8 96
8 60
9 29
9 10
9 42
9 95
9 88
9 33
9 82
9 99
9 83
10 56
10 16
10 40
10 25
10 87
10 34
10 72
11 91
11 68
11 38
11 89
11 32
11 23
11 71
12 48
12 18
12 64
12 93
12 50
12 84
12 51
13 44
13 78
13 18
14 64
14 80
14 77
14 32
14 41
14 27
14 49
14 89
15 31
15 21
15 42
16 24
16 96
16 58
16 72
17 66
17 75
17 41
17 53
17 63
17 37
17 23
18 62
18 59
19 31
19 57
19 86
19 50
19 67
19 75
19 38
19 70
20 56
20 76
20 62
20 61
20 37
20 52
20 51
20 74
21 45
21 87
22 66
22 41
22 54
22 97
22 82
22 49
22 80
22 34
23 31
23 79
23 26
23 87
23 54
23 67
24 44
24 36
24 77
24 94
25 84
25 97
25 81
25 60
25 39
25 68
25 87
26 56
26 30
26 65
26 28
26 52
26 92
26 83
26 53
27 56
27 36
27 59
27 61
27 70
27 86
27 98
27 62
28 60
28 38
28 45
28 61
28 50
28 84
28 67
29 91
29 31
29 43
29 58
29 61
29 67
29 82
29 84
29 97
30 31
30 93
30 41
30 37
30 85
30 33
30 75
30 99
31 56
31 52
31 80
31 95
32 91
32 57
32 59
32 90
32 83
32 61
33 44
33 54
33 70
33 85
33 89
33 43
34 56
34 40
34 67
34 86
34 83
35 56
35 57
35 63
35 71
35 90
35 93
36 41
36 74
36 79
37 96
38 44
38 74
38 69
38 51
38 50
39 81
39 93
39 88
40 78
40 73
40 58
40 76
40 54
40 72
41 91
41 43
41 71
42 98
42 65
43 88
43 55
43 95
43 83
43 97
43 82
43 62
44 66
44 53
44 62
44 88
45 47
45 76
46 91
46 64
46 69
46 76
47 81
47 96
48 91
48 54
48 75
48 89
48 92
48 99
49 66
49 80
49 79
49 51
49 82
50 72
50 97
50 55
50 58
51 67
51 93
51 87
52 63
52 93
52 97
53 67
53 98
53 55
53 92
54 92
54 85
54 82
55 84
56 78
56 83
57 79
57 95
57 67
58 86
58 83
58 82
58 62
59 78
59 85
59 94
59 84
59 72
60 91
60 73
60 95
60 74
60 68
61 83
61 80
61 70
61 92
62 65
62 86
63 97
63 77
64 73
65 78
65 75
65 88
65 84
65 97
65 71
66 73
66 74
66 79
67 95
67 99
68 85
69 81
69 85
70 78
70 75
70 84
70 95
70 89
71 90
71 98
72 86
73 96
73 74
73 90
74 75
74 88
75 92
75 98
77 99
77 87
78 87
78 98
79 86
79 92
79 98
80 90
80 86
80 92
81 95
82 94
82 87
82 89
83 88
84 88
85 91
86 99
87 99
89 98
90 97
92 99
95 99
100 280
0 99
0 20
0 86
0 67
0 42
0 3
0 19
1 4
1 84
1 38
1 57
1 3
1 32
1 81
1 86
2 40
2 67
2 78
2 47
2 83
3 23
3 32
3 17
3 87
3 53
3 86
4 89
4 27
4 33
4 61
4 97
5 11
5 83
5 91
5 94
6 99
6 13
6 90
6 98
6 44
6 81
6 41
7 84
7 34
7 72
7 62
7 67
7 82
8 35
8 22
8 85
8 34
8 80
9 51
9 22
9 95
9 86
10 57
10 71
10 74
10 64
10 41
10 80
10 81
10 96
11 40
11 12
11 75
11 82
12 55
12 77
12 17
12 16
13 40
13 33
13 42
13 30
13 60
14 49
14 56
14 33
14 75
14 71
14 44
14 65
15 39
15 18
15 66
16 25
16 94
16 82
16 42
16 41
16 27
17 40
17 78
17 23
17 29
18 79
18 29
19 57
19 86
19 42
19 87
19 90
19 47
20 45
20 28
20 29
20 59
20 23
20 74
20 32
21 48
21 59
21 83
22 99
22 94
22 28
22 80
22 32
23 49
23 60
23 30
23 50
24 35
24 49
24 57
24 26
24 64
25 57
25 79
25 41
25 42
25 63
25 69
26 31
26 68
26 50
27 63
27 53
27 55
27 69
28 58
28 71
28 31
29 93
29 71
30 35
30 96
30 33
31 37
31 75
31 32
32 64
32 47
32 63
33 78
33 60
34 37
34 56
34 70
35 37
35 36
36 70
36 96
36 76
36 86
37 72
37 88
38 54
38 98
39 45
39 44
40 99
40 80
41 90
41 78
41 97
42 68
42 63
43 58
43 95
43 50
43 68
43 70
45 51
45 57
45 47
45 60
45 68
45 71
46 48
46 59
46 85
47 91
47 76
47 95
47 74
48 49
49 67
49 74
49 78
50 93
50 76
51 99
51 55
51 70
52 93
52 66
52 85
52 67
52 77
53 93
53 60
53 80
54 72
54 70
55 77
55 63
56 79
57 93
57 58
58 59
58 73
59 61
60 61
60 67
60 76
61 98
61 72
61 64
62 89
62 68
62 97
62 74
62 69
63 91
63 65
64 68
65 99
65 71
65 97
65 66
65 88
66 89
66 90
66 71
68 94
69 81
69 96
69 87
71 81
72 95
73 96
73 90
73 75
73 92
74 81
74 85
75 88
76 89
76 78
77 84
77 92
77 78
80 97
81 87
82 85
82 91
83 95
84 92
84 95
84 96
85 89
86 97
87 89
88 92
90 99
90 92
100 307
0 59
0 6
0 32
0 53
0 75
1 29
1 94
1 25
1 83
1 3
1 42
1 6
2 17
2 46
2 25
2 82
2 55
2 75
3 49
3 43
3 88
3 10
4 29
4 41
4 68
4 78
4 10
4 7
4 99
5 61
5 93
5 37
5 47
6 74
6 86
6 39
6 66
6 82
6 80
7 87
7 11
7 51
7 54
7 18
8 57
8 45
8 63
8 68
8 18
8 62
8 24
9 64
9 52
10 97
10 21
10 28
10 99
10 80
11 19
11 42
11 23
11 39
11 90
12 72
12 68
12 13
12 60
12 76
12 15
12 95
13 81
13 73
13 31
13 38
13 96
14 57
14 42
14 54
14 27
14 30
14 39
14 70
15 59
15 93
15 53
15 27
15 60
16 74
16 62
16 41
16 58
16 70
16 26
16 30
16 60
17 72
17 29
17 30
17 69
17 85
18 57
18 71
18 70
18 28
18 51
19 72
19 87
19 44
19 83
19 90
20 84
20 69
20 30
20 85
20 50
21 57
21 62
21 65
21 83
21 43
21 53
22 98
22 41
22 23
22 36
22 40
22 60
22 76
23 92
23 24
23 58
23 99
23 33
24 97
24 28
24 99
24 48
24 88
25 87
25 69
25 78
25 40
26 29
26 31
26 40
26 93
26 60
26 33
27 61
27 77
28 74
28 45
28 90
28 43
29 60
29 65
29 70
30 55
30 38
31 34
31 53
31 96
31 67
32 61
32 38
33 74
33 75
33 76
33 73
33 93
34 92
34 39
34 54
34 58
34 63
35 97
35 58
35 73
35 86
35 67
35 82
35 80
36 72
36 67
36 37
36 66
36 86
36 45
37 92
37 88
37 44
37 46
37 80
38 72
38 83
38 45
38 54
39 95
39 83
40 92
40 44
40 43
40 75
41 84
41 71
42 89
42 75
42 44
42 86
43 89
43 47
43 63
44 73
44 95
45 89
45 48
46 81
46 91
46 90
46 47
47 57
47 85
47 99
47 96
48 49
48 77
48 80
49 84
49 68
49 77
50 79
50 69
50 56
51 87
51 85
51 91
51 76
52 58
53 97
53 65
53 76
54 68
54 77
55 89
55 65
55 63
55 91
55 77
56 59
56 86
56 82
56 85
56 96
57 98
57 67
58 63
59 97
59 92
59 61
60 67
62 64
62 94
63 78
64 98
64 66
64 91
65 88
65 96
65 69
66 95
66 70
67 70
67 82
69 88
70 90
71 79
71 82
72 81
72 92
73 98
73 95
73 76
74 81
74 84
74 75
74 82
75 96
75 95
76 89
78 81
78 85
78 93
79 92
79 94
80 97
80 82
81 99
83 88
84 89
86 98
86 91
87 98
87 93
88 89
90 94
95 98
96 97
100 343
0 91
0 31
0 20
0 58
0 9
0 6
1 94
1 2
1 39
1 82
1 60
1 19
1 33
1 85
1 69
1 37
2 90
2 68
2 60
2 73
2 50
2 44
2 31
3 91
3 4
3 47
3 58
3 85
3 46
4 87
4 53
4 61
4 75
5 66
5 55
5 94
5 26
5 38
5 58
5 93
6 81
6 34
6 76
6 80
6 27
6 54
6 51
7 81
7 22
7 25
7 70
7 44
7 67
7 54
7 21
8 56
8 29
8 70
8 51
8 80
8 73
8 54
9 66
9 10
9 49
10 81
10 39
10 73
10 12
10 34
10 62
10 84
11 91
11 82
11 58
11 21
11 25
11 74
12 87
12 75
12 73
13 32
13 53
14 66
14 44
14 48
14 79
15 32
15 55
15 30
15 60
15 84
15 92
15 99
16 65
16 92
16 52
16 61
16 20
16 77
17 65
17 19
17 85
17 62
17 41
17 89
18 28
18 34
18 74
19 87
19 89
19 61
20 56
20 47
20 67
20 45
20 93
21 55
21 47
21 73
21 86
21 77
21 22
22 55
22 86
22 27
22 67
22 82
22 35
23 81
23 67
23 48
23 99
23 57
23 98
23 54
23 41
24 91
24 60
24 39
24 76
24 73
24 62
25 65
25 58
25 79
25 54
26 85
26 50
26 95
26 84
26 44
26 57
27 81
27 38
27 39
27 37
27 70
27 93
28 36
28 29
29 37
30 45
30 48
30 63
30 95
30 49
30 86
31 96
31 45
33 56
33 95
33 54
33 58
33 92
33 63
34 64
34 53
34 93
34 95
34 89
35 83
35 46
35 42
35 98
35 71
36 83
36 55
36 81
36 43
36 71
36 73
36 80
36 98
37 94
37 45
37 39
37 97
37 52
37 89
38 77
38 74
38 67
38 95
38 86
39 94
39 78
39 63
39 51
39 44
40 96
40 80
40 54
40 98
41 55
41 54
41 99
41 78
41 57
42 72
42 77
42 85
42 52
42 79
43 93
43 75
43 98
43 63
43 85
43 86
43 82
43 89
44 56
44 61
45 90
45 46
45 92
45 59
46 83
46 50
46 70
46 57
46 80
47 66
48 65
48 61
48 50
49 83
49 59
49 50
49 71
49 92
49 86
50 64
50 75
50 82
51 72
51 92
51 79
52 55
52 80
52 89
52 84
53 90
53 60
53 77
53 61
53 59
54 94
54 74
55 74
56 90
56 75
56 95
57 83
57 78
57 88
57 92
58 80
59 81
59 67
59 63
59 70
59 73
60 82
60 62
61 90
61 99
62 72
62 68
63 64
63 70
63 84
64 90
64 91
64 96
64 70
64 79
65 72
65 97
67 81
67 86
68 87
68 77
68 88
69 96
69 82
69 71
70 88
71 97
71 78
71 79
71 86
72 94
72 76
73 74
74 76
74 78
75 99
76 80
76 84
77 83
77 80
78 83
78 98
78 79
79 89
82 94
82 97
82 84
83 85
85 93
86 94
86 89
87 90
88 91
88 97
88 98
89 94
89 93
90 94
95 97
98 99
