50 243#71 in
0 38
0 25
0 1
0 39
0 8
0 29
0 35
0 49
0 7
0 42
0 37
0 34
0 4
1 38
1 8
1 9
1 49
1 27
1 28
1 22
1 30
1 11
1 26
1 37
1 31
2 44
2 3
2 26
2 30
2 34
2 43
2 48
2 49
3 36
3 25
3 27
3 4
3 16
3 42
3 31
4 38
4 27
4 46
4 18
4 16
4 26
4 39
4 36
4 9
4 31
4 20
5 6
5 21
5 42
5 32
5 16
5 28
5 36
5 18
5 11
6 38
6 8
6 14
6 22
6 23
6 25
6 37
6 46
7 24
7 9
7 30
7 37
7 33
7 46
7 34
7 45
7 17
7 13
8 48
8 37
8 19
8 45
8 20
8 18
9 24
9 28
9 32
9 35
9 25
9 45
9 39
9 18
10 12
10 39
10 17
10 48
10 29
11 44
11 37
11 46
11 40
11 28
11 13
12 44
12 33
12 41
12 47
13 38
13 41
13 34
13 18
13 31
13 14
13 45
13 19
13 22
13 17
13 20
14 40
14 25
14 15
14 48
14 35
14 21
14 20
15 44
15 45
15 27
15 26
15 47
15 23
15 21
16 38
16 27
16 47
16 28
16 29
16 35
16 42
16 17
16 20
17 24
17 32
17 18
17 43
17 21
17 28
17 31
18 38
18 39
18 28
18 43
18 23
18 36
18 42
19 44
19 27
19 46
19 31
19 39
19 43
20 38
20 22
20 31
20 26
20 39
20 37
20 32
20 36
21 44
21 32
21 42
21 29
22 32
22 48
22 39
22 43
22 46
23 33
23 27
23 49
23 34
23 40
23 31
24 44
24 29
24 31
24 36
24 39
24 40
24 42
24 45
25 37
25 45
25 28
25 35
26 40
26 32
26 47
27 38
27 48
27 40
27 28
27 30
27 32
28 38
28 49
28 39
28 29
29 32
29 46
29 34
29 40
29 30
30 35
30 42
30 46
31 48
31 49
32 38
32 41
32 34
32 42
33 36
33 43
34 36
35 38
35 45
35 48
35 37
35 41
35 40
35 36
36 43
36 45
38 44
39 40
40 45
40 42
41 49
42 43
45 46
47 49
50 237#335 in
0 38
0 9
0 11
0 12
0 13
0 17
0 26
0 32
1 30
1 49
1 27
1 39
1 46
1 5
1 26
1 28
1 6
1 14
1 42
2 20
2 13
2 47
2 34
2 21
2 25
2 12
3 30
3 38
3 20
3 7
3 8
3 18
3 31
3 33
3 34
4 20
4 11
4 41
4 17
4 45
4 42
4 47
5 22
5 42
5 17
5 33
5 15
5 48
5 37
5 6
6 30
6 26
6 11
6 18
6 19
6 41
6 40
6 48
6 17
6 10
7 43
7 8
7 15
7 23
7 26
7 44
7 29
7 31
8 19
8 36
8 15
8 44
8 39
8 16
8 42
9 12
9 18
9 48
9 41
9 49
9 24
9 36
10 22
10 26
10 35
10 18
10 43
10 14
10 28
10 37
11 27
11 41
11 19
11 25
11 26
12 35
12 28
12 34
12 45
12 31
13 14
13 43
13 36
13 49
13 25
13 44
14 38
14 21
14 33
14 29
14 42
14 16
14 34
14 15
15 38
15 45
15 46
15 34
15 16
15 26
15 40
16 30
16 17
16 25
16 27
16 48
16 39
16 33
16 24
16 37
17 46
17 24
17 37
18 43
18 24
18 40
18 46
18 41
19 20
19 24
19 40
19 28
20 23
20 45
20 47
21 38
21 24
21 40
21 31
21 43
21 46
21 44
21 28
21 29
22 38
22 30
22 28
22 29
22 35
22 36
22 41
23 41
23 37
23 29
23 31
23 49
24 30
24 33
24 35
24 26
24 36
24 43
25 30
25 49
25 41
25 42
25 48
25 27
25 39
25 40
27 30
27 47
27 29
27 41
27 49
27 36
27 48
27 44
28 40
28 39
28 46
29 46
29 45
29 42
30 39
30 40
30 42
30 43
31 42
31 49
31 47
31 43
32 37
32 44
32 46
32 43
32 48
32 49
32 35
33 45
33 39
33 47
33 34
34 35
34 43
34 42
35 44
35 36
35 37
36 42
36 40
37 38
37 39
37 48
37 40
38 44
38 46
38 48
38 49
40 45
40 49
42 44
43 44
43 48
44 46
46 48
47 49
