100 339# diff=2
0 71
0 16
0 87
0 43
0 60
0 81
0 23
0 61
0 95
0 63
1 67
1 35
1 26
1 40
1 30
1 59
1 14
2 51
2 64
2 93
2 40
2 49
2 98
2 39
3 42
3 91
3 54
3 49
3 94
3 15
3 26
3 17
3 14
3 39
3 69
4 66
4 37
4 23
4 46
4 82
4 97
4 8
4 49
5 83
5 46
5 65
5 73
5 9
6 41
6 56
6 16
6 70
6 52
6 55
6 54
6 33
7 10
7 67
7 32
7 48
8 27
8 39
8 20
8 72
9 93
9 10
9 91
9 80
10 21
10 36
10 29
10 68
10 38
10 63
10 73
10 81
10 75
10 26
10 24
10 20
11 76
11 42
11 27
11 91
11 32
11 57
12 54
12 44
12 35
12 71
12 64
12 91
12 81
13 66
13 63
14 39
14 58
14 38
14 59
14 46
14 24
14 30
14 71
15 69
15 62
15 90
15 46
15 20
16 94
16 81
16 70
16 24
16 62
17 56
17 38
17 36
17 59
17 63
17 34
17 64
17 67
18 98
18 48
18 32
18 49
18 74
18 89
18 69
18 60
19 26
19 54
19 42
19 33
20 81
20 46
20 73
21 52
21 85
21 36
21 57
21 61
21 71
22 53
22 33
23 73
23 70
23 39
23 69
23 36
23 86
23 41
23 85
24 93
24 32
24 73
24 34
24 75
24 92
25 34
25 95
25 29
26 76
26 49
26 57
26 72
27 90
27 62
27 41
27 93
28 42
28 43
28 94
28 73
29 80
29 33
30 63
30 75
30 73
30 66
30 76
30 45
30 52
30 84
30 55
30 58
31 51
31 54
31 86
31 32
32 71
32 85
32 44
33 36
33 99
33 38
33 74
33 65
33 68
33 46
34 95
34 52
34 75
34 73
34 97
34 86
35 57
35 99
35 98
35 78
35 45
35 74
36 85
36 58
36 69
36 51
37 80
38 85
38 77
38 82
38 42
38 56
38 41
39 71
39 83
39 73
39 49
39 74
39 98
40 55
40 51
40 52
40 71
41 81
41 64
41 60
41 55
41 67
42 66
42 55
42 64
43 52
43 51
43 45
43 48
43 89
44 79
44 99
44 73
44 49
44 98
45 52
45 89
45 68
46 95
47 60
47 56
47 61
47 83
48 85
48 60
48 91
48 68
48 98
48 64
48 66
49 56
50 89
50 55
51 96
51 52
52 53
52 60
52 57
52 80
52 63
53 84
53 57
53 56
54 65
54 83
54 86
55 67
55 59
55 83
55 91
56 99
56 88
57 64
57 94
57 96
57 89
58 90
58 60
58 83
60 98
60 62
60 72
60 99
61 98
61 94
61 63
61 86
62 99
62 89
63 78
63 85
64 78
64 94
65 76
65 95
66 70
66 83
66 81
70 84
71 86
73 77
74 84
75 86
75 85
75 76
77 88
77 87
77 78
77 95
78 90
78 87
79 96
80 96
80 91
80 88
81 90
81 87
82 98
85 87
86 92
87 98
89 94
90 99
94 97
100 348# diff=2
0 46
0 15
0 79
0 4
0 35
0 60
1 20
1 11
1 60
1 47
1 57
1 97
1 56
1 98
2 20
2 32
2 6
2 43
2 78
2 44
2 89
2 9
2 42
3 8
3 42
3 6
3 7
3 76
3 75
3 33
3 62
4 12
4 60
4 64
4 50
4 41
4 35
5 10
5 66
5 36
5 7
5 33
5 46
5 57
5 83
5 37
5 59
6 64
6 73
6 51
6 30
6 53
6 39
6 37
7 66
7 17
7 42
7 67
7 63
7 73
8 87
8 84
8 48
8 75
8 78
9 68
9 48
9 12
9 64
10 85
10 20
10 24
10 73
10 62
10 29
10 98
11 49
11 67
11 70
11 83
11 66
11 52
11 23
11 17
11 94
11 24
12 85
12 75
12 13
12 17
12 41
12 46
12 58
13 79
13 45
13 33
13 39
13 55
14 95
14 39
14 90
14 16
14 70
15 35
15 53
15 75
15 63
15 33
15 68
15 78
16 29
16 65
17 93
17 95
17 39
17 78
17 79
18 31
18 82
18 85
19 30
19 82
20 96
20 68
21 41
21 70
21 69
21 62
21 31
21 75
21 76
21 85
22 44
22 64
22 47
22 67
22 36
22 90
22 71
22 33
23 43
23 94
23 62
23 26
23 86
23 82
23 35
23 67
23 61
24 95
24 66
24 91
24 54
24 74
25 47
25 66
25 51
26 84
26 48
26 68
26 94
26 53
26 40
26 34
27 70
27 94
28 36
28 86
28 53
28 87
28 91
28 38
29 42
29 40
29 91
29 46
29 88
29 79
29 89
30 76
30 71
30 57
31 89
31 57
31 69
31 34
32 38
32 35
32 95
32 54
32 75
32 40
32 34
32 67
33 75
33 97
33 41
33 54
33 96
34 74
34 95
34 69
34 35
35 49
35 87
35 71
35 96
35 70
35 46
35 97
35 40
35 81
36 39
36 74
36 57
36 70
37 68
37 72
37 62
38 49
38 41
38 47
38 79
38 65
38 64
38 72
38 55
39 79
39 54
39 70
39 57
40 56
40 98
40 81
40 88
40 76
41 82
41 91
42 70
42 75
42 51
42 55
42 44
43 56
43 54
43 63
44 75
44 66
44 89
44 95
44 47
45 97
46 74
46 65
47 51
47 57
49 81
49 83
50 87
50 61
50 98
50 73
50 76
50 77
51 64
51 97
51 73
52 79
52 60
52 75
53 92
53 98
53 62
54 70
54 94
54 71
54 83
54 89
55 64
55 65
57 76
57 70
57 79
57 87
57 82
58 69
58 89
58 74
59 93
59 64
60 75
60 93
60 96
60 67
61 70
61 86
61 67
61 66
61 90
61 76
61 73
61 88
62 77
62 83
63 67
64 75
64 89
65 72
66 95
66 71
68 85
69 81
69 99
70 80
70 96
71 73
71 80
71 90
72 79
72 78
73 89
73 99
73 95
73 78
75 83
75 82
75 90
76 91
76 98
77 89
78 99
78 96
78 84
79 83
79 91
79 95
79 94
79 85
81 83
82 98
83 88
84 96
84 95
86 92
88 91
93 99
94 97
97 98
100 374# diff=2
0 60
0 13
0 37
0 85
0 77
0 32
0 1
1 75
1 70
1 35
1 60
1 89
1 91
2 19
2 27
2 62
3 18
3 66
3 63
3 8
3 17
3 45
4 29
4 88
4 80
4 6
4 40
4 15
4 26
5 14
5 85
5 82
5 17
5 58
5 75
5 88
5 84
5 55
5 45
6 75
6 76
6 74
6 85
7 77
7 79
7 73
7 37
7 56
7 22
7 78
7 52
7 12
7 94
8 47
8 52
8 71
8 38
8 48
8 21
8 26
8 80
9 47
9 43
9 89
9 73
9 25
10 28
10 12
10 21
11 68
11 43
11 89
11 70
11 15
11 73
12 94
12 38
12 86
12 80
12 19
12 61
12 74
12 29
13 52
13 44
13 64
13 59
13 51
13 45
13 99
13 38
14 39
14 61
14 79
15 18
15 35
15 63
15 67
15 93
15 46
15 99
15 68
15 95
15 86
15 39
16 41
16 75
16 62
16 34
16 45
16 18
16 67
16 69
17 38
17 51
17 63
17 77
17 18
17 99
17 81
17 74
18 88
18 85
18 28
18 96
18 37
19 33
19 39
19 32
19 48
19 71
20 49
20 65
20 97
20 69
20 45
20 28
20 42
21 26
21 96
21 54
21 82
21 34
21 23
21 90
22 39
22 88
22 86
23 70
23 44
23 61
23 73
23 85
23 60
23 47
23 54
24 84
24 49
24 86
24 39
24 35
24 97
24 74
24 83
24 42
24 36
24 28
25 60
25 34
25 57
25 84
25 72
25 70
25 27
26 80
26 29
26 86
26 53
26 40
27 31
27 51
27 43
27 96
27 67
27 71
27 75
27 90
28 37
28 92
28 76
28 38
28 55
28 93
28 72
29 32
29 56
29 49
29 59
29 38
29 68
29 57
29 93
29 37
30 76
30 71
31 83
31 43
31 93
31 55
31 44
33 73
33 80
33 72
33 38
33 62
33 46
33 92
33 86
33 77
33 76
33 58
33 83
33 42
34 65
34 72
34 62
35 74
35 85
35 50
35 56
36 44
37 46
37 52
37 61
37 89
37 44
38 63
38 61
38 89
38 82
38 99
38 59
38 65
39 48
39 61
39 40
39 92
39 52
39 41
39 72
40 60
40 87
40 83
40 59
40 46
40 80
41 85
41 48
41 96
41 69
41 68
41 78
41 70
41 77
42 69
42 92
43 44
43 73
43 97
43 64
43 84
45 63
45 67
45 81
45 61
45 95
45 77
46 53
46 74
46 56
46 65
47 84
47 63
47 59
47 95
47 55
48 69
48 60
48 55
48 94
48 50
48 86
49 68
49 86
49 58
50 64
50 84
51 62
51 56
52 76
52 86
53 58
53 77
53 92
53 62
54 59
55 64
55 90
55 57
55 65
55 80
56 69
57 63
57 81
58 81
58 86
59 70
59 64
59 89
60 97
61 93
61 91
62 70
62 89
62 74
63 81
63 96
64 88
64 95
64 75
64 99
64 86
65 70
66 99
66 97
66 71
66 95
67 80
67 86
67 69
67 78
68 99
68 75
68 94
69 77
70 87
70 76
71 73
71 77
71 92
72 75
72 90
72 84
73 94
74 83
74 91
76 83
76 98
78 99
78 86
78 82
79 97
79 93
79 86
82 91
84 87
84 90
86 97
86 98
87 96
87 89
90 97
91 94
92 95
100 362# diff=2
0 67
0 37
0 60
0 63
0 47
0 23
0 73
0 50
0 74
0 57
0 98
1 65
1 61
1 21
1 58
1 67
1 93
2 58
2 28
2 21
3 7
3 71
3 73
3 85
4 93
4 74
4 7
4 42
4 67
4 43
5 48
5 44
6 73
6 22
6 24
6 91
6 7
7 62
7 88
7 46
7 27
7 60
7 23
8 37
8 41
8 70
8 80
8 72
8 84
8 85
8 86
8 38
9 50
9 10
9 99
9 92
9 36
9 62
9 43
10 13
10 78
10 21
10 36
10 11
10 64
10 12
10 42
10 25
10 41
11 18
11 89
11 57
11 37
11 76
12 38
12 93
12 60
12 57
12 75
12 88
12 42
12 91
13 45
13 43
13 71
13 55
13 61
13 99
14 64
14 53
14 76
14 61
15 58
15 68
15 49
15 97
15 73
15 93
15 77
15 89
15 57
15 61
15 96
15 33
16 74
16 41
17 35
17 80
17 40
17 88
17 26
17 73
17 94
18 88
18 74
18 51
18 57
18 39
18 49
19 89
19 88
20 51
20 31
20 77
20 40
20 39
20 73
21 56
21 82
21 53
21 36
21 30
22 28
22 65
22 76
22 82
22 54
22 93
22 61
22 98
22 70
22 62
22 66
23 47
23 62
23 66
23 80
23 79
24 69
24 88
24 37
24 72
24 42
24 80
25 35
25 45
25 65
25 30
25 94
26 87
26 53
26 28
26 83
27 52
27 64
27 94
27 93
27 96
27 74
27 48
27 46
27 51
28 96
28 47
28 56
28 68
28 62
29 52
29 95
30 65
30 97
30 32
30 75
30 51
31 84
31 37
31 71
31 52
31 94
31 74
32 33
32 66
32 51
32 95
32 62
32 38
33 78
33 48
33 35
33 91
33 43
33 99
33 38
34 66
34 41
34 94
34 83
34 85
35 90
35 59
35 53
35 40
35 64
36 89
36 88
36 58
36 70
36 80
37 89
37 95
37 40
37 92
37 96
38 84
38 65
38 86
38 61
38 60
39 64
39 90
40 71
40 49
41 96
41 45
42 71
42 70
43 69
43 87
43 86
43 83
44 54
44 78
44 59
44 70
44 48
44 72
45 61
45 68
45 95
45 65
45 93
45 89
46 57
46 67
47 64
47 82
47 99
48 52
48 64
48 61
48 54
48 78
49 59
49 67
49 58
49 86
49 56
50 56
50 99
50 54
50 59
50 97
51 52
51 66
52 84
52 55
52 72
53 97
53 73
53 81
53 82
54 76
54 95
55 94
55 78
55 96
57 70
57 90
57 78
57 75
57 87
59 81
59 93
59 68
60 85
60 73
60 74
60 93
60 96
60 71
60 94
60 77
61 81
61 65
61 69
61 68
61 73
61 84
62 94
62 77
62 87
62 98
62 89
62 80
63 78
63 93
63 97
63 82
64 76
66 97
66 94
66 87
66 82
67 92
67 96
67 79
67 73
68 76
69 79
69 88
69 74
70 72
70 90
71 95
71 76
71 75
72 75
72 79
72 87
73 90
73 82
73 89
73 83
74 96
74 94
78 86
78 84
79 91
79 99
80 88
80 95
81 82
81 88
81 96
84 90
85 93
89 90
91 99
91 93
92 96
92 95
93 99
100 374# diff=2
0 88
0 20
0 78
0 94
0 67
1 31
1 18
1 47
1 22
1 97
1 33
1 40
1 23
1 4
1 30
1 11
2 40
2 14
2 88
2 83
2 27
2 55
3 45
3 34
3 98
3 38
3 89
3 4
3 88
3 70
3 23
4 29
4 78
4 67
4 69
4 50
4 35
4 87
4 7
4 76
4 58
4 26
4 10
4 77
4 74
4 52
4 88
5 20
5 25
5 63
5 81
5 26
5 96
5 76
6 97
6 53
6 71
6 46
6 61
6 83
7 25
7 9
7 42
7 92
7 96
7 61
8 68
8 39
8 61
8 46
8 92
9 60
9 37
9 98
9 96
9 44
9 16
9 69
9 79
10 76
10 94
10 47
10 83
10 86
10 30
10 17
10 26
10 23
11 23
11 86
11 38
11 44
11 47
11 66
11 48
12 21
12 74
13 15
13 64
14 55
14 99
14 76
14 74
15 40
15 78
15 98
15 68
15 57
15 35
15 63
15 97
15 44
16 21
16 37
16 83
16 46
16 93
17 43
17 25
17 50
17 85
17 29
17 22
18 63
18 94
18 22
18 61
18 43
18 50
18 38
18 67
18 85
19 98
19 34
19 24
19 25
19 92
19 79
20 24
20 71
20 66
20 62
20 36
20 31
20 77
20 98
20 50
20 69
20 47
20 78
21 24
21 63
21 75
21 47
21 97
21 38
21 87
21 23
21 79
21 40
22 52
22 96
22 55
22 31
22 80
22 77
23 51
23 35
23 63
23 61
23 94
23 87
23 75
24 86
24 75
24 60
24 74
24 91
24 89
25 85
25 96
25 81
25 45
25 29
26 80
26 27
26 52
26 33
26 61
26 30
27 61
27 31
27 48
27 53
27 92
28 81
28 54
28 30
28 36
28 43
28 76
28 71
29 76
29 82
29 81
29 84
29 71
30 63
30 82
30 38
30 92
31 90
31 89
31 81
31 78
32 37
32 35
32 62
32 79
32 60
32 64
32 38
32 45
32 90
32 50
32 92
33 38
33 82
33 60
33 69
33 61
34 99
34 93
34 47
34 70
34 72
34 76
35 99
35 72
35 63
35 46
35 77
35 84
36 92
36 86
36 81
36 47
37 86
37 84
37 44
37 71
37 58
37 41
37 52
37 87
37 48
38 99
38 42
38 44
38 41
39 40
39 69
39 86
39 41
39 85
39 73
40 99
40 75
40 79
40 86
41 92
41 71
41 64
41 86
42 92
42 63
42 91
43 86
43 82
43 87
43 77
43 71
43 44
44 45
44 64
44 91
44 92
45 69
46 64
46 82
47 69
47 57
47 74
47 64
48 75
48 71
48 63
49 80
49 96
49 66
49 59
50 72
51 69
51 90
52 95
52 98
52 74
52 87
53 70
54 64
54 63
54 61
54 67
56 79
56 63
57 70
57 82
57 72
58 60
58 77
58 88
59 77
60 72
60 95
61 97
61 67
61 62
61 87
61 90
62 69
63 85
63 79
64 85
64 79
65 98
65 75
66 85
66 71
67 98
67 92
67 78
68 86
69 87
70 75
70 87
70 82
70 80
71 88
72 96
72 77
72 74
73 77
74 87
75 82
76 79
76 82
76 94
77 79
77 95
77 84
77 99
78 97
78 92
78 83
81 96
82 99
84 95
88 95
89 91
90 95
91 92
91 94
91 99
96 98
100 365# diff=2
0 95
0 61
0 32
0 71
0 80
0 13
0 87
0 30
0 97
0 85
0 52
1 68
1 77
1 78
1 30
1 5
1 73
1 53
1 10
1 71
1 54
1 95
1 86
2 67
2 77
2 65
2 30
2 57
2 28
2 9
2 75
2 89
3 70
3 87
3 82
3 36
3 67
3 44
3 32
3 14
3 12
3 56
4 5
4 71
4 63
4 91
5 24
5 70
5 95
5 32
6 93
6 21
6 79
6 94
7 42
7 70
7 95
7 78
7 49
7 62
7 14
8 45
8 42
8 48
8 17
8 15
8 46
8 72
9 63
9 99
10 46
10 82
10 89
10 44
10 35
10 47
10 64
10 57
11 70
11 27
11 25
11 62
11 61
12 91
12 30
12 87
12 29
12 41
13 55
13 72
13 23
13 70
13 73
13 28
14 82
14 74
14 48
14 30
14 50
14 68
14 37
15 38
15 85
15 32
15 81
15 65
15 49
15 63
15 41
15 91
16 94
16 77
16 99
16 88
16 66
17 97
17 23
17 61
17 81
17 69
18 67
18 96
18 57
19 51
19 36
19 78
20 51
20 70
20 93
20 34
20 58
20 82
21 74
22 64
22 65
22 63
22 36
22 84
23 91
23 84
23 92
23 79
23 54
23 34
23 52
23 63
24 74
25 49
25 57
25 47
25 39
25 41
25 62
26 55
26 42
26 62
26 72
26 89
26 88
26 53
27 84
27 28
28 29
28 76
28 99
29 94
29 63
29 97
30 55
30 34
30 70
30 67
30 76
30 60
31 42
31 38
31 52
31 43
32 68
32 65
32 39
32 36
33 47
33 98
33 77
33 70
33 36
33 52
34 52
34 85
34 56
34 55
34 44
34 51
34 90
34 49
34 87
35 68
35 54
35 85
35 47
35 75
35 72
35 99
36 93
36 40
36 74
36 37
36 61
36 55
36 82
37 51
37 99
38 55
38 74
38 78
38 76
38 56
38 79
39 91
39 55
39 62
39 97
39 95
39 85
39 74
40 68
40 73
40 76
40 82
40 41
41 53
41 47
41 91
41 46
41 49
41 50
42 99
42 94
42 75
42 69
42 89
42 43
42 55
42 82
43 77
43 44
44 70
45 83
45 86
45 97
46 78
46 58
46 63
46 83
46 75
47 70
47 99
48 49
48 85
48 84
48 64
48 51
48 86
48 98
49 71
49 53
50 65
50 98
50 86
51 68
51 84
51 92
51 86
52 75
52 54
52 97
52 80
52 95
52 60
53 62
53 91
53 60
53 75
53 98
53 93
54 87
54 90
54 62
54 86
54 81
54 56
54 75
54 64
54 71
55 62
55 96
56 76
56 58
56 65
57 72
57 84
58 95
58 92
58 71
58 76
59 88
59 77
60 71
61 85
61 68
61 97
62 87
63 92
63 95
63 89
63 85
64 82
64 86
65 96
66 95
66 89
67 76
67 98
67 81
68 71
68 77
69 98
69 70
70 86
70 99
70 71
71 81
72 90
72 91
72 84
74 95
75 87
75 76
75 80
76 98
76 95
76 87
77 88
78 97
78 87
78 79
79 99
79 90
80 90
81 96
82 84
83 97
83 90
83 96
84 92
85 89
85 99
87 98
88 90
88 94
89 96
91 96
91 92
94 95
100 360# diff=2
0 57
0 71
0 97
0 36
0 42
0 73
0 87
0 32
0 19
0 47
1 49
1 55
1 7
1 52
1 14
1 27
1 22
1 61
1 35
2 36
2 58
2 47
2 53
2 32
2 15
2 60
2 67
2 11
3 99
3 63
3 93
3 10
4 72
4 28
4 96
4 82
4 66
5 55
5 42
5 9
6 77
6 56
6 14
6 66
6 25
6 88
6 15
7 80
7 69
7 44
7 52
7 58
7 72
7 45
7 37
7 30
8 82
8 66
8 52
8 18
8 77
8 56
9 45
9 49
9 66
9 52
9 12
9 99
9 31
9 38
9 78
9 36
10 76
10 22
11 34
11 61
11 59
11 47
11 91
11 64
11 83
12 85
12 97
12 95
12 48
12 23
12 34
12 61
12 72
13 26
13 67
13 20
13 98
13 60
13 78
13 88
13 14
13 90
14 45
14 52
14 57
14 48
14 19
14 71
14 55
14 91
14 93
14 43
14 32
14 17
15 68
15 72
15 88
15 41
15 55
15 81
16 24
16 53
16 58
16 26
16 91
16 84
16 34
16 62
17 54
17 36
17 96
17 40
17 24
18 90
18 79
18 39
18 96
18 57
18 58
18 65
18 31
18 74
19 50
19 91
19 88
19 65
19 92
19 64
19 43
20 21
20 72
20 64
20 78
20 69
20 91
20 96
20 61
20 75
20 53
21 74
21 36
21 54
21 29
21 98
21 68
21 84
22 42
22 63
23 98
23 70
23 74
23 24
23 68
23 31
23 33
23 87
23 85
24 65
24 45
24 84
24 35
24 71
24 85
25 31
26 81
26 53
26 65
26 89
27 84
27 67
27 59
27 73
27 54
28 60
29 84
29 48
29 85
29 60
29 35
30 45
30 70
30 47
30 31
31 53
31 32
31 85
31 48
31 88
32 60
32 98
32 76
32 57
33 88
33 58
34 66
34 84
35 91
35 70
35 89
35 86
35 82
36 56
36 45
36 99
36 67
36 97
37 62
37 39
37 75
37 68
37 41
37 80
37 53
37 85
38 82
38 57
39 48
39 59
40 64
40 78
40 75
40 87
40 94
40 71
41 71
41 84
42 81
42 91
42 82
42 80
42 63
43 66
43 54
43 87
43 52
43 55
43 78
43 53
44 51
45 76
45 64
45 87
45 59
46 60
46 87
46 84
46 82
46 95
47 66
47 57
47 76
47 82
47 65
47 56
48 67
48 88
49 72
49 54
49 94
50 63
50 84
50 56
50 78
50 81
51 82
51 89
51 61
51 78
52 98
52 67
52 72
52 83
53 80
53 91
53 55
53 84
54 67
54 55
54 83
54 87
55 63
55 72
55 78
55 74
56 65
56 62
56 99
56 69
56 61
56 64
56 97
57 82
57 96
58 62
59 90
59 89
59 86
59 78
59 97
60 99
60 90
60 87
61 91
63 97
63 72
63 68
64 80
65 94
65 91
66 67
66 74
67 96
68 90
68 92
68 72
69 92
69 86
70 83
70 71
71 89
71 93
72 91
72 82
74 87
74 75
74 81
78 87
79 97
80 96
80 99
81 90
82 93
83 99
83 95
84 94
86 95
87 93
87 89
88 92
91 99
91 92
93 99
94 97
95 97
100 662# diff=2
0 65
0 79
0 64
0 31
0 98
0 77
0 95
0 24
1 12
1 50
1 94
1 53
1 21
1 73
1 85
1 75
1 7
1 78
2 37
2 52
2 70
2 25
2 51
2 84
2 96
3 66
3 74
3 80
3 87
3 71
3 46
3 65
3 76
4 54
4 69
4 92
4 51
4 68
4 70
4 90
5 14
5 75
5 21
6 77
6 39
6 91
6 95
6 57
6 31
6 69
7 46
7 51
7 22
7 56
7 52
8 98
8 63
8 32
8 33
8 90
9 63
9 64
9 71
9 84
9 62
9 98
9 53
9 51
9 68
10 49
10 99
10 86
10 85
10 57
10 65
11 87
11 90
11 79
11 36
11 98
11 77
11 76
11 59
11 83
12 75
12 91
12 85
12 61
12 96
12 87
13 61
13 53
13 65
13 55
13 18
13 63
13 95
13 78
13 50
14 90
14 84
14 18
14 98
14 41
14 69
14 96
14 75
14 60
14 61
15 82
15 60
15 64
15 49
15 16
16 79
16 30
16 67
16 51
17 96
17 70
17 65
17 84
17 66
17 56
17 53
17 43
17 52
17 68
18 54
18 48
18 59
18 60
18 66
18 85
19 42
19 77
19 76
19 57
19 53
19 33
19 73
19 90
19 95
19 82
20 64
20 22
20 65
20 33
20 76
20 67
20 58
20 93
20 39
21 70
21 62
21 72
21 54
21 55
21 78
22 66
22 67
22 52
22 98
22 61
22 53
22 60
22 51
23 91
23 90
23 51
23 26
24 77
24 61
24 94
25 79
25 36
25 73
25 96
25 66
25 69
25 59
25 52
26 77
26 42
26 69
26 75
26 94
26 98
27 62
27 83
27 54
27 74
27 78
27 31
28 63
28 92
28 54
28 53
28 33
28 93
28 72
28 98
28 83
28 79
29 57
29 94
29 75
29 71
29 67
29 39
29 77
29 69
30 79
30 74
30 71
30 66
30 98
30 54
30 88
30 40
30 94
30 81
31 79
31 70
31 96
31 46
31 95
31 50
32 55
32 58
32 93
32 97
32 94
33 59
33 93
33 84
33 64
33 63
33 98
33 96
34 77
34 86
34 94
34 80
35 52
35 85
35 38
35 53
35 89
35 79
35 99
35 67
35 65
35 78
36 92
36 94
36 53
36 68
36 66
37 83
38 51
38 69
38 95
38 60
38 65
38 96
39 51
39 56
39 68
39 65
40 73
40 77
40 98
40 78
40 50
41 90
41 64
41 78
41 73
41 82
41 98
41 60
42 68
42 83
42 45
42 62
42 72
43 82
43 64
43 77
43 84
43 95
43 63
44 85
44 74
44 70
44 49
44 51
44 55
45 95
45 93
45 66
45 51
45 73
46 89
46 97
46 72
47 67
47 86
48 98
48 67
48 72
48 51
48 75
48 79
48 96
48 83
48 63
48 73
49 57
49 94
49 87
49 51
50 54
50 85
50 53
50 72
50 60
51 62
51 67
51 97
51 86
51 54
51 94
51 79
51 87
51 63
51 71
51 57
51 92
51 78
51 95
51 96
51 81
51 68
51 64
51 82
51 99
52 90
52 53
52 63
52 77
52 64
52 91
52 82
52 57
52 65
52 75
52 58
52 87
52 85
53 94
53 57
53 77
53 55
53 87
53 61
53 96
53 99
53 63
53 65
53 64
53 69
54 70
54 85
54 74
54 78
54 66
54 83
54 61
54 94
54 73
54 80
54 89
54 77
54 72
54 69
55 67
55 75
55 93
55 73
55 99
55 62
55 98
55 96
55 95
55 57
55 66
55 71
56 98
56 57
56 63
56 89
56 94
56 99
56 75
56 85
56 69
56 73
56 90
57 66
57 87
57 64
57 75
57 95
57 90
57 86
57 63
57 69
57 96
57 99
57 71
57 97
57 68
57 78
58 79
58 82
58 66
58 78
58 64
58 98
58 77
58 73
58 63
58 69
58 81
58 76
59 84
59 67
59 78
59 69
59 61
59 63
59 93
60 67
60 96
60 66
60 89
60 90
61 96
61 74
61 65
61 67
61 70
62 63
62 81
62 86
62 71
62 78
62 96
62 87
63 74
63 64
63 75
63 69
63 95
63 68
63 82
63 83
63 96
63 89
63 66
64 67
64 78
64 99
64 96
64 83
64 84
64 77
64 66
64 73
64 72
64 71
64 91
64 97
64 89
64 81
65 77
65 76
65 74
65 68
65 79
65 81
65 94
65 71
66 79
66 76
66 83
66 94
66 97
66 95
66 82
66 70
66 78
66 71
66 74
66 77
66 92
66 90
66 80
66 75
67 79
67 73
67 98
67 74
67 71
67 75
67 69
67 82
67 72
67 77
67 70
68 98
68 80
68 78
68 94
68 79
68 90
68 87
68 73
68 82
69 82
69 86
69 96
69 85
69 73
69 93
69 76
69 79
70 71
70 72
70 82
70 97
70 79
70 95
70 96
70 81
71 90
71 79
71 87
71 94
71 84
71 80
71 99
71 74
72 97
72 93
72 76
72 77
72 79
72 94
72 85
72 99
72 96
73 95
73 97
73 74
73 98
73 84
73 80
73 78
73 76
74 77
74 93
74 87
75 77
75 76
75 79
75 89
75 81
75 91
75 90
75 92
76 81
76 98
76 85
76 87
76 94
76 99
77 79
77 82
77 86
77 87
77 98
77 96
77 97
77 95
77 99
78 95
78 96
78 79
78 99
78 97
78 90
79 83
79 89
79 90
79 98
79 84
79 86
79 91
79 99
80 96
80 85
80 86
80 82
80 98
81 91
81 85
81 92
81 82
81 87
82 86
82 96
82 83
82 92
83 89
83 87
83 94
83 96
83 98
84 89
84 98
84 87
85 87
85 95
85 99
85 96
86 91
86 98
87 98
87 90
88 98
88 97
89 95
89 93
90 98
90 97
90 96
91 92
91 93
92 97
93 99
93 96
93 98
93 97
94 98
94 97
94 96
94 95
96 98
98 99
100 261# diff=2
0 35
0 52
0 56
0 97
1 18
1 20
1 27
1 38
1 70
1 97
2 35
2 52
2 60
2 70
2 77
2 89
3 5
3 6
3 17
3 22
3 31
3 55
3 58
3 79
3 92
4 8
4 12
4 20
4 35
4 41
4 86
4 90
5 11
5 19
5 24
5 34
5 36
5 46
6 38
6 73
6 79
6 92
7 12
7 29
7 57
7 80
7 93
7 98
8 21
8 74
9 35
10 30
10 40
10 62
10 76
10 83
11 13
11 17
11 34
11 53
11 65
11 90
12 22
12 35
12 52
12 68
12 77
12 83
12 90
13 38
13 87
13 88
14 29
14 33
14 51
14 81
15 29
15 51
15 60
15 85
16 59
16 62
16 91
16 94
17 28
17 65
18 30
18 69
18 74
18 86
19 56
19 68
20 30
20 36
20 41
20 42
20 57
20 64
20 73
20 74
20 75
21 57
21 61
21 88
21 90
21 93
22 38
22 68
22 78
23 30
23 47
23 55
23 59
23 68
23 69
24 28
24 35
24 40
24 50
24 65
24 79
25 30
25 69
25 72
25 97
26 40
26 47
26 89
27 84
27 98
28 31
28 53
28 96
29 85
30 59
30 69
30 90
30 97
30 98
31 53
31 55
31 58
31 68
31 79
31 92
31 95
32 74
32 97
32 98
33 38
33 43
34 46
34 96
35 45
35 74
35 79
35 81
36 59
36 76
36 91
37 57
37 61
37 71
37 88
37 93
37 98
38 42
38 56
38 77
39 41
39 43
40 58
40 59
40 62
40 69
40 91
40 94
41 61
41 68
41 69
41 82
41 90
42 69
42 75
42 83
43 99
44 68
45 74
45 84
46 53
48 57
49 82
49 95
50 52
51 63
52 55
52 56
52 74
52 78
53 55
53 96
54 70
54 82
55 58
55 89
56 68
56 82
56 87
56 99
57 93
58 90
59 62
59 94
60 78
60 84
61 72
61 75
61 88
62 76
63 85
63 99
64 67
64 71
64 75
64 94
65 68
65 77
66 88
67 71
68 70
69 72
69 80
70 73
71 73
71 74
71 86
71 93
71 98
72 90
73 91
74 75
74 83
74 98
75 83
75 84
75 90
76 79
76 89
78 95
79 84
79 89
79 96
80 97
83 94
84 89
87 95
89 91
90 97
91 94
92 96
97 98
100 314# diff=2
0 5
0 28
0 41
0 44
0 52
0 76
0 85
1 19
1 26
1 27
1 51
1 59
1 82
1 94
2 12
2 51
2 79
2 81
2 88
3 14
3 20
3 28
3 56
3 60
3 74
4 18
4 43
4 49
4 50
4 52
4 78
4 84
4 87
5 15
5 20
5 36
5 37
5 44
5 53
5 60
6 23
6 28
6 48
6 52
6 66
6 70
6 71
6 84
6 98
7 13
7 23
7 39
7 69
8 46
8 75
8 79
9 27
9 51
9 79
9 82
10 57
10 70
10 95
11 12
11 27
11 54
11 59
11 82
11 92
12 15
12 38
12 42
12 46
12 52
12 68
12 94
14 25
14 32
14 44
14 70
15 19
15 28
15 31
15 56
15 60
15 61
15 73
15 74
15 84
16 26
16 46
16 62
16 63
16 67
16 88
16 92
16 95
17 20
17 36
17 41
17 70
17 76
18 38
18 48
18 57
18 98
19 22
19 31
19 47
19 48
19 61
19 81
20 44
20 85
21 26
21 29
21 33
21 49
21 65
21 72
21 93
22 32
22 36
22 40
22 89
23 49
23 72
23 98
24 43
24 58
24 71
25 89
26 42
26 64
26 67
26 88
26 91
26 95
27 51
27 54
27 59
27 78
27 91
27 99
28 50
28 56
28 61
28 97
29 40
29 49
29 93
29 96
30 59
30 74
30 81
30 83
30 90
31 59
31 74
31 83
31 87
31 97
32 36
32 56
32 60
33 65
33 72
33 73
33 93
34 55
34 77
34 79
34 87
35 47
35 86
36 56
36 89
37 44
37 76
37 85
39 58
39 72
40 44
40 53
41 59
42 59
42 63
42 78
42 80
42 81
42 82
43 50
43 64
43 68
43 71
43 87
43 98
44 61
44 85
44 97
45 47
45 58
45 68
46 59
46 67
46 77
46 78
46 91
46 94
46 99
47 52
47 70
47 84
48 64
48 89
49 65
49 72
49 89
50 52
50 68
50 95
51 54
51 79
51 94
52 55
52 66
52 71
52 87
53 60
53 72
54 59
54 82
54 92
55 57
55 75
55 79
55 91
56 61
56 77
57 62
57 63
57 77
57 86
57 91
57 95
59 82
59 83
60 96
61 74
61 76
61 85
62 78
62 88
63 67
63 79
63 95
64 68
64 77
65 69
66 69
66 71
66 76
66 93
67 83
67 88
67 92
67 94
67 99
68 86
69 70
69 93
70 93
70 98
72 98
74 81
74 96
75 86
75 95
77 78
77 82
77 87
77 95
77 99
78 87
78 91
79 88
79 91
79 92
79 98
80 81
80 88
81 82
81 90
82 87
82 88
82 91
82 92
82 94
83 92
83 96
83 99
84 93
85 89
86 88
86 95
87 99
88 92
88 99
91 94
92 94
92 99
93 98
94 99
96 97
100 287# diff=2
0 16
0 31
0 41
0 94
1 16
1 25
1 53
1 63
1 92
2 87
2 97
3 40
3 55
3 61
3 73
3 81
3 90
4 20
4 25
4 32
4 49
4 53
4 55
4 61
4 81
4 90
4 93
5 19
5 35
5 47
5 51
5 64
5 76
6 18
6 58
6 60
6 77
6 85
7 22
7 29
7 48
7 86
8 31
8 47
8 65
8 66
8 71
8 82
8 94
9 58
9 60
9 74
9 86
10 44
10 80
10 84
10 88
11 13
11 28
11 33
11 34
11 55
11 61
11 78
11 81
11 85
11 87
11 93
12 13
12 28
12 75
12 84
12 88
12 94
13 32
13 78
13 81
13 93
14 32
14 34
14 66
14 78
14 79
14 81
14 93
15 44
15 48
15 68
15 69
15 89
16 31
16 41
16 94
17 38
17 58
17 70
17 77
17 87
17 91
18 29
18 38
18 39
18 62
19 23
19 53
20 40
20 43
20 72
21 46
21 84
21 91
21 96
21 98
22 24
22 29
22 38
22 39
22 44
22 48
22 56
22 61
22 65
22 83
22 89
22 93
22 96
23 41
23 75
23 94
24 29
24 39
24 44
24 47
24 86
24 87
25 35
25 53
25 81
25 95
26 63
26 94
27 34
27 43
27 45
27 50
27 69
27 76
27 82
28 33
28 34
28 47
28 72
29 33
29 38
29 39
29 59
29 62
29 67
29 69
29 86
29 96
30 46
30 56
30 83
31 33
31 41
31 57
32 34
32 40
32 42
32 93
33 46
33 54
33 69
34 40
35 45
35 63
35 92
35 93
35 95
36 37
36 76
36 83
36 99
37 45
37 56
37 78
38 48
38 62
38 67
38 84
38 85
39 48
39 56
39 86
40 49
40 96
41 45
41 47
41 76
41 92
42 49
42 81
44 56
44 62
44 75
45 71
45 75
45 76
46 72
46 86
46 97
48 69
48 83
49 55
49 81
49 90
49 93
49 99
50 55
50 64
50 78
50 90
50 92
50 95
51 53
51 92
51 98
52 72
52 73
53 54
53 71
53 75
54 66
54 76
54 99
55 72
55 90
56 69
56 83
56 84
56 86
57 65
57 69
58 60
58 91
59 77
59 86
59 87
60 85
61 88
62 77
63 95
64 94
65 68
65 82
65 83
66 99
67 69
67 84
69 84
69 91
69 97
70 87
71 76
72 81
73 78
74 97
76 94
77 85
77 86
77 98
78 79
78 81
78 95
80 87
84 98
85 87
85 91
85 98
88 90
88 92
90 93
91 97
91 98
93 95
94 99
100 326# diff=2
0 29
0 32
0 47
0 51
1 14
1 28
1 33
1 36
1 39
1 50
1 60
1 61
2 19
2 24
2 29
2 59
2 72
2 83
2 96
3 77
3 86
3 90
3 91
4 29
4 49
4 51
4 72
5 12
5 22
5 30
5 58
5 74
5 93
6 22
6 30
6 34
6 35
6 38
6 40
6 41
6 43
6 59
7 26
7 39
7 45
7 55
8 20
8 24
8 51
8 72
8 84
8 95
9 31
9 33
9 45
9 48
9 57
9 60
9 66
9 86
9 97
9 99
10 20
10 24
10 32
10 49
10 50
10 59
10 70
10 72
11 13
11 18
11 25
11 27
11 42
11 43
11 50
11 51
11 55
11 59
11 62
11 79
11 85
11 91
11 92
12 27
12 84
12 87
12 93
13 19
13 24
13 35
13 40
13 69
13 93
14 18
14 20
14 94
14 95
15 31
15 42
15 75
16 29
16 74
16 83
17 57
18 24
18 39
18 61
18 62
18 66
18 69
18 71
18 74
18 75
18 79
18 84
18 85
19 40
19 41
19 46
19 49
19 68
20 66
20 83
21 29
21 33
21 37
22 34
22 59
23 31
23 33
23 61
23 66
23 70
23 98
24 25
24 56
24 63
24 74
24 79
24 89
25 34
25 62
25 73
25 85
25 92
26 28
26 39
26 45
26 55
26 56
26 61
26 64
26 82
26 89
26 93
27 65
27 71
27 77
27 87
28 33
28 45
28 55
28 60
28 70
28 97
29 35
29 63
29 73
29 83
30 58
30 59
30 64
30 66
30 71
30 74
30 88
31 42
31 75
31 76
31 84
31 86
33 61
34 43
34 47
34 62
34 65
34 93
35 41
35 50
35 59
35 63
35 73
35 82
35 86
35 88
36 70
37 83
37 84
37 94
37 96
38 40
38 41
38 46
38 56
38 68
38 93
39 55
39 60
39 64
39 66
39 70
39 82
40 47
40 69
40 73
40 93
41 43
41 46
41 53
41 58
41 62
41 68
41 69
41 74
41 93
42 75
43 47
43 68
43 90
44 52
44 65
44 76
45 54
45 86
45 98
46 47
46 49
46 68
46 69
47 73
47 88
47 92
48 79
48 80
48 82
48 86
48 87
48 97
49 58
49 73
49 84
49 96
50 51
50 62
50 64
50 70
50 72
50 74
51 66
53 58
53 88
54 75
54 78
54 86
54 97
55 84
55 86
56 62
56 96
57 77
57 79
57 97
58 59
58 92
59 69
59 74
59 79
60 66
60 70
60 97
61 67
62 71
62 81
62 85
62 92
63 64
63 74
64 88
64 92
65 77
65 79
65 81
65 90
66 70
66 89
66 94
68 73
71 85
71 92
71 93
73 88
74 84
74 86
74 89
75 97
77 79
77 80
77 81
77 91
78 99
79 89
79 99
81 87
81 90
81 99
82 90
82 92
85 90
86 87
86 89
88 95
89 90
89 92
97 98
100 296# diff=2
0 89
1 11
1 50
1 54
2 21
2 33
2 42
2 56
2 64
2 69
2 87
2 98
3 33
3 54
4 11
4 18
4 24
4 51
4 61
4 62
4 68
4 81
5 7
5 21
5 28
5 32
5 33
5 37
5 54
5 73
6 16
6 59
6 60
7 15
7 21
7 22
7 43
7 46
7 56
7 64
7 77
7 79
7 98
8 19
8 34
8 50
8 72
9 95
10 15
10 23
10 34
10 62
10 63
10 77
10 92
11 27
11 43
11 55
11 67
11 68
11 77
11 80
11 81
12 93
13 14
13 97
14 15
14 27
14 50
14 76
15 29
15 47
15 55
15 57
15 73
15 75
15 76
15 82
16 34
16 70
17 22
17 24
17 25
17 31
17 39
17 41
17 51
17 55
17 88
17 94
18 25
18 52
19 23
19 76
19 81
19 87
20 51
20 52
20 65
20 80
20 85
20 96
21 33
21 38
21 43
21 56
21 68
21 72
21 80
21 87
21 94
22 23
22 31
22 35
22 39
22 46
22 73
22 86
22 92
22 97
23 34
23 40
24 26
24 93
25 31
25 44
25 55
25 58
25 68
25 69
25 78
25 85
25 88
26 65
27 33
27 98
28 33
28 38
28 42
28 64
28 79
28 99
29 47
29 50
29 75
30 48
31 48
31 52
31 65
31 67
31 88
31 95
31 96
32 43
32 56
32 66
32 81
33 37
33 43
33 79
33 96
34 49
34 53
34 69
34 76
34 92
35 50
35 54
35 75
35 86
36 44
36 48
36 51
37 40
37 66
37 79
37 94
39 40
39 55
39 59
39 81
39 91
39 97
40 53
40 55
40 56
40 61
40 86
40 96
40 99
41 58
41 88
42 43
42 97
43 45
43 54
43 56
43 68
43 74
43 77
43 86
43 97
43 99
44 90
44 96
45 49
45 62
45 65
45 86
45 89
45 91
46 68
46 81
46 86
46 97
47 50
47 84
47 92
49 89
50 76
51 55
51 70
51 93
52 56
52 71
52 93
52 94
53 63
54 69
54 79
54 87
54 94
55 59
55 61
55 64
55 73
55 77
55 86
55 96
56 68
56 79
56 80
56 88
58 61
58 65
58 69
58 71
58 97
59 61
59 80
59 86
59 88
60 70
60 91
61 71
61 86
61 93
62 70
62 92
64 73
64 74
64 77
64 81
64 97
65 77
66 79
67 79
67 96
68 71
68 73
68 74
69 88
69 97
71 80
72 75
72 98
73 77
74 81
74 96
75 92
76 83
77 81
77 86
79 91
79 96
80 81
80 86
81 93
81 97
82 84
82 95
83 92
83 97
88 93
88 96
91 97
100 315# diff=2
0 41
0 65
0 87
1 12
1 14
1 17
1 34
1 71
1 79
1 85
1 88
2 43
2 73
3 10
3 27
3 30
3 39
3 44
3 63
4 18
4 26
4 42
4 61
5 12
5 22
5 30
5 32
5 59
5 76
5 78
5 89
5 96
6 25
6 40
6 47
6 62
7 15
7 23
7 30
7 46
7 52
7 68
7 88
7 95
8 16
8 40
8 45
8 46
8 74
8 96
9 12
9 20
9 26
9 30
9 37
9 40
9 78
9 84
9 87
9 89
9 91
10 12
10 37
10 54
10 78
10 86
10 90
10 91
11 23
11 27
11 43
11 49
11 51
11 57
11 82
11 87
12 15
12 69
12 90
13 17
13 19
13 24
13 47
13 64
13 68
13 83
13 92
14 17
14 19
14 47
14 68
14 75
15 20
15 53
15 81
16 22
16 32
16 86
17 50
17 75
17 78
18 52
18 61
18 89
19 31
19 34
19 36
19 38
19 50
19 79
19 83
19 94
20 50
20 51
20 65
20 88
20 90
20 95
21 35
21 67
21 70
21 95
22 46
22 56
22 97
23 24
23 49
23 71
23 82
23 83
23 85
23 87
24 34
24 40
24 75
24 83
24 92
25 46
26 58
26 60
26 62
26 66
26 78
27 32
27 49
27 69
27 76
27 90
28 40
28 49
28 78
28 95
28 98
29 64
29 70
30 37
30 39
30 53
30 84
30 86
30 93
31 35
31 36
31 38
31 51
31 77
31 79
31 83
32 39
32 59
32 69
32 81
32 86
33 39
33 69
34 79
34 80
34 85
34 88
34 92
35 38
35 41
36 51
36 79
36 82
36 92
37 40
37 42
37 45
37 81
38 77
38 94
39 58
39 63
39 69
39 73
39 81
39 89
39 91
40 42
40 53
40 55
40 58
40 62
40 63
40 71
40 78
40 89
41 51
41 77
41 85
41 94
42 46
42 53
42 58
42 59
42 61
42 74
42 86
42 95
42 96
42 99
43 49
43 63
43 76
43 77
44 50
44 85
45 51
45 93
46 55
46 66
46 86
46 97
47 95
48 50
48 78
49 57
49 85
49 87
50 71
50 82
52 62
52 67
52 68
52 70
52 80
53 90
53 98
54 91
55 58
55 59
55 78
55 84
55 86
56 71
57 77
57 83
58 62
58 96
59 69
59 84
59 90
60 94
60 98
60 99
61 70
61 99
62 88
63 65
63 81
63 85
64 67
64 95
65 89
68 75
68 80
68 86
68 95
69 76
69 91
70 95
70 98
71 81
71 83
71 92
72 92
74 86
74 89
74 99
75 79
75 82
75 83
75 85
76 81
76 90
76 91
76 93
77 88
78 91
78 99
79 88
81 93
83 85
83 90
83 99
86 93
86 96
86 97
87 90
88 92
88 97
89 93
90 91
90 98
