100 281# diff=-1
0 33
0 58
1 2
1 9
1 20
1 29
1 47
1 59
1 78
1 83
1 84
2 19
2 22
2 30
2 39
2 48
2 62
2 95
3 31
3 37
4 8
4 12
4 20
4 30
4 36
4 38
4 53
4 54
4 69
4 84
4 93
5 11
5 23
5 26
5 53
5 84
6 10
6 23
6 74
6 78
6 83
6 91
7 19
7 22
7 36
7 46
7 47
7 62
7 95
7 98
7 99
8 12
8 23
8 38
8 54
8 73
8 77
8 88
9 36
9 47
9 53
9 63
9 68
9 70
9 94
10 20
10 49
10 58
10 63
10 68
10 78
11 14
11 21
11 26
11 87
12 23
12 47
12 53
12 60
12 70
12 74
12 79
12 88
12 95
13 42
13 51
13 65
13 67
14 21
14 35
15 27
15 63
15 70
15 85
15 94
16 30
16 61
16 85
16 96
17 54
18 39
18 64
18 80
18 87
18 92
19 40
19 46
19 50
19 75
19 98
19 99
20 25
20 29
20 53
20 56
20 59
20 67
20 68
20 79
21 32
21 64
21 87
22 30
22 40
22 62
22 81
23 38
23 44
24 36
24 72
24 85
24 92
25 62
25 67
25 76
25 81
26 30
26 68
27 34
27 39
27 52
27 91
28 34
28 68
28 93
29 31
29 34
29 38
29 47
29 74
29 78
29 91
30 41
30 42
30 51
30 85
30 86
30 89
31 33
31 37
31 49
32 80
33 37
33 49
33 53
33 74
34 45
34 53
35 66
36 38
36 47
36 53
36 55
36 59
37 49
37 78
38 44
38 83
39 61
39 86
39 89
40 81
40 96
40 99
41 51
41 57
41 61
41 73
41 81
41 96
42 61
43 64
43 84
43 92
44 46
44 48
44 49
44 83
45 71
46 75
46 99
47 49
47 53
47 56
47 69
47 91
48 54
48 90
48 97
49 78
49 93
50 62
50 95
51 61
51 72
51 86
52 63
52 71
52 87
53 70
53 77
54 75
54 88
54 90
55 78
55 83
56 58
56 59
56 61
56 70
56 85
56 86
56 95
56 99
57 76
58 75
58 77
58 88
58 91
59 73
59 82
59 84
59 91
60 73
60 77
61 89
62 81
62 85
63 69
63 70
63 82
63 86
64 92
65 72
66 80
67 76
68 73
68 94
69 93
69 94
70 73
70 95
71 87
71 93
71 94
72 76
73 79
73 89
73 93
73 95
74 83
74 93
75 77
76 98
77 88
81 96
83 90
84 87
85 99
88 91
89 98
100 450# diff=-1
0 1
0 2
0 3
0 5
0 6
0 7
0 8
0 9
0 89
1 2
1 3
1 5
1 6
1 7
1 8
1 9
1 62
1 44
2 3
2 4
2 5
2 6
2 7
2 8
2 9
3 4
3 5
3 6
3 7
3 8
3 9
3 91
4 5
4 7
4 8
4 9
4 51
5 6
5 8
5 9
5 57
6 7
6 8
6 9
6 64
7 8
7 9
7 10
8 9
8 73
9 70
10 11
10 12
10 13
10 14
10 15
10 17
10 19
10 28
10 67
11 12
11 13
11 14
11 15
11 16
11 17
11 18
11 19
12 13
12 14
12 15
12 16
12 17
12 18
12 19
12 61
13 14
13 15
13 16
13 17
13 18
13 19
13 31
13 64
14 15
14 16
14 17
14 18
14 19
15 16
15 17
15 18
15 19
16 17
16 18
16 19
17 18
17 19
17 24
18 19
19 32
20 21
20 22
20 23
20 24
20 25
20 26
20 27
20 28
20 29
21 23
21 24
21 25
21 26
21 27
21 28
21 29
21 64
22 23
22 25
22 26
22 27
22 28
22 29
22 68
23 24
23 25
23 26
23 27
23 28
23 99
24 25
24 27
24 28
24 99
24 37
25 26
25 27
25 28
25 29
26 27
26 28
26 29
26 95
27 28
27 29
28 29
30 31
30 32
30 34
30 35
30 36
30 38
30 39
30 60
30 43
31 32
31 33
31 34
31 35
31 36
31 37
31 39
32 33
32 34
32 36
32 37
32 38
32 51
33 34
33 35
33 36
33 37
33 38
33 39
34 35
34 36
34 37
34 38
34 39
35 36
35 37
35 38
35 39
36 37
36 39
36 45
36 90
37 39
37 60
38 61
40 41
40 42
40 43
40 45
40 46
40 47
40 48
40 49
40 77
41 42
41 43
41 44
41 45
41 46
41 47
41 48
41 49
42 43
42 44
42 45
42 46
42 47
42 48
42 49
43 44
43 45
43 46
43 47
43 48
43 49
44 45
44 46
44 49
44 70
45 46
45 47
45 48
45 49
46 47
46 49
46 55
47 48
47 89
48 49
50 51
50 52
50 53
50 54
50 55
50 56
50 58
50 59
50 75
51 53
51 54
51 55
51 56
51 57
51 59
51 69
51 92
52 53
52 54
52 55
52 56
52 57
52 58
52 59
53 54
53 55
53 56
53 57
53 58
53 59
54 55
54 56
54 57
54 58
54 59
55 56
55 57
55 58
55 59
56 57
56 58
56 59
57 58
57 59
58 59
60 61
60 62
60 64
60 65
60 66
60 68
60 69
60 85
61 62
61 63
61 64
61 65
61 66
61 67
61 69
62 63
62 64
62 65
62 66
62 67
62 68
62 69
63 64
63 65
63 66
63 67
63 68
63 69
63 80
64 65
64 67
64 68
65 66
65 67
65 68
65 69
66 67
66 68
66 69
67 68
68 69
70 72
70 73
70 74
70 75
70 76
70 77
70 78
70 79
71 72
71 73
71 74
71 75
71 76
71 77
71 78
71 79
72 73
72 74
72 75
72 76
72 77
72 78
72 79
73 74
73 75
73 76
73 78
73 79
74 75
74 76
74 77
74 78
74 79
75 76
75 77
75 78
75 79
75 84
76 77
76 78
76 79
77 79
77 99
78 79
80 81
80 82
80 84
80 85
80 86
80 87
80 88
80 89
80 92
81 82
81 83
81 84
81 85
81 86
81 87
81 88
81 89
82 83
82 84
82 85
82 86
82 87
82 88
82 89
83 84
83 85
83 86
83 87
83 88
83 89
84 85
84 87
84 88
84 89
85 86
85 87
85 88
85 89
86 87
86 88
86 89
87 88
87 89
88 89
90 91
90 92
90 93
90 95
90 96
90 97
90 98
90 99
91 92
91 93
91 94
91 96
91 97
91 98
91 99
92 93
92 94
92 95
92 97
92 98
92 99
93 94
93 95
93 96
93 97
93 98
93 99
94 95
94 96
94 97
94 98
94 99
95 96
95 97
95 99
96 97
96 98
96 99
97 98
97 99
98 99
100 450# diff=-1
0 1
0 2
0 3
0 4
0 5
0 7
0 8
0 9
0 54
1 2
1 4
1 5
1 6
1 7
1 8
1 9
1 28
2 3
2 5
2 6
2 7
2 8
2 9
2 96
3 4
3 5
3 6
3 7
3 8
3 9
4 5
4 7
4 8
4 9
4 78
5 6
5 7
5 8
5 9
5 82
5 88
6 8
6 9
6 72
7 8
7 9
8 9
8 43
10 11
10 12
10 13
10 14
10 15
10 17
10 18
10 19
10 49
11 12
11 13
11 14
11 15
11 16
11 17
11 18
11 19
12 14
12 15
12 16
12 17
12 18
12 19
12 68
13 14
13 15
13 16
13 17
13 18
13 19
14 15
14 16
14 17
14 18
14 19
15 16
15 17
15 18
15 19
16 17
16 18
16 19
16 90
17 18
17 19
17 46
18 19
19 30
20 21
20 22
20 23
20 24
20 25
20 26
20 28
20 29
20 98
21 22
21 23
21 24
21 25
21 26
21 27
21 28
21 59
22 23
22 24
22 25
22 26
22 28
22 29
22 93
22 82
23 24
23 25
23 26
23 27
23 28
23 29
24 25
24 26
24 27
24 28
24 29
25 27
25 28
25 72
25 69
25 90
26 27
26 28
26 29
26 81
27 28
27 29
28 29
29 72
30 31
30 32
30 34
30 35
30 37
30 38
30 39
30 88
31 32
31 33
31 34
31 35
31 36
31 38
31 39
31 60
32 33
32 34
32 35
32 36
32 37
32 38
32 39
33 34
33 35
33 36
33 37
33 38
33 39
34 35
34 36
34 37
34 38
34 39
35 36
35 37
35 38
35 39
36 37
36 38
36 39
37 38
37 39
38 39
38 95
39 60
40 41
40 42
40 43
40 44
40 45
40 46
40 47
40 48
40 49
41 42
41 43
41 44
41 45
41 46
41 47
41 48
41 49
42 44
42 45
42 46
42 48
42 49
42 62
42 80
42 93
43 46
43 47
43 48
43 49
43 58
43 82
44 45
44 46
44 47
44 48
44 49
44 65
45 46
45 47
45 49
45 57
46 47
46 48
47 48
47 49
48 49
50 51
50 53
50 54
50 55
50 56
50 57
50 58
50 59
50 98
50 93
51 52
51 53
51 54
51 55
51 56
51 57
51 58
51 59
52 53
52 54
52 55
52 56
52 57
52 58
52 59
53 54
53 55
53 56
53 58
53 59
53 63
54 55
54 56
54 57
54 59
54 63
55 56
55 57
55 58
55 59
56 57
56 58
56 59
57 58
57 59
58 59
60 61
60 62
60 63
60 64
60 65
60 66
60 67
60 69
61 62
61 63
61 64
61 65
61 66
61 67
61 68
61 69
62 63
62 64
62 65
62 66
62 67
62 68
62 69
63 64
63 66
63 67
63 68
63 69
63 88
64 65
64 66
64 67
64 68
64 69
64 82
64 95
65 66
65 67
65 69
65 76
66 67
66 68
66 69
67 68
67 69
67 70
68 69
69 96
70 71
70 72
70 74
70 75
70 76
70 77
70 79
70 87
71 72
71 73
71 74
71 75
71 76
71 77
71 78
71 79
72 73
72 75
72 76
72 77
72 78
72 79
73 74
73 75
73 76
73 77
73 78
73 79
74 75
74 76
74 77
74 78
74 79
75 76
75 77
75 78
75 79
76 78
76 79
77 78
77 79
78 79
80 81
80 82
80 83
80 84
80 85
80 86
80 87
80 88
80 89
81 82
81 83
81 84
81 85
81 86
81 87
81 89
82 83
82 87
82 89
83 84
83 85
83 86
83 87
83 88
83 89
84 85
84 86
84 87
84 88
84 89
85 86
85 87
85 88
85 89
86 87
86 88
86 89
87 88
87 89
89 90
90 91
90 92
90 93
90 94
90 97
90 99
91 92
91 93
91 94
91 95
91 96
91 97
91 98
91 99
92 93
92 94
92 95
92 96
92 97
92 98
92 99
93 94
93 95
93 97
93 99
94 95
94 96
94 97
94 98
94 99
95 97
95 98
96 97
96 98
97 98
97 99
98 99
100 450# diff=-1
0 1
0 2
0 3
0 4
0 5
0 6
0 7
0 8
0 9
0 12
1 2
1 3
1 4
1 5
1 6
1 8
1 9
1 83
2 3
2 4
2 5
2 6
2 7
2 8
2 9
3 4
3 5
3 6
3 7
3 8
3 94
4 5
4 6
4 7
4 8
4 9
5 6
5 7
5 8
5 54
5 30
6 8
6 9
6 68
6 61
7 8
7 9
8 30
8 57
10 11
10 12
10 13
10 16
10 18
10 68
10 32
10 92
10 91
10 82
11 12
11 13
11 14
11 15
11 16
11 17
11 18
11 19
12 13
12 14
12 16
12 17
12 18
12 19
13 14
13 15
13 16
13 17
13 18
13 19
13 20
14 15
14 16
14 17
14 18
14 19
15 16
15 17
15 18
15 26
16 17
16 18
16 19
17 18
17 19
17 82
18 19
20 21
20 22
20 23
20 24
20 25
20 27
20 28
20 29
21 22
21 23
21 24
21 25
21 26
21 27
21 28
21 29
21 30
22 23
22 24
22 25
22 26
22 27
22 28
22 29
23 24
23 25
23 26
23 27
23 28
23 29
24 25
24 26
24 27
24 28
24 29
25 26
25 27
25 28
25 29
25 35
25 40
26 28
26 29
26 46
27 28
27 29
28 29
30 31
30 32
30 34
30 35
30 36
30 37
30 38
31 33
31 34
31 35
31 36
31 38
31 39
31 57
31 48
32 33
32 34
32 35
32 36
32 37
32 38
32 39
33 34
33 35
33 36
33 37
33 38
33 39
34 35
34 36
34 37
34 38
34 39
34 40
34 52
35 36
35 37
35 38
36 37
36 38
36 39
37 38
37 39
38 39
40 41
40 42
40 43
40 44
40 45
40 47
40 48
41 42
41 43
41 44
41 45
41 46
41 47
41 48
41 49
42 43
42 44
42 45
42 46
42 47
42 48
42 49
42 61
42 96
43 44
43 45
43 46
43 47
43 48
43 49
44 45
44 46
44 47
44 48
44 49
45 46
45 47
45 48
45 49
46 47
46 48
46 49
46 62
46 94
47 49
47 88
48 49
49 80
50 51
50 52
50 53
50 54
50 55
50 56
50 57
50 58
50 59
51 52
51 53
51 54
51 55
51 56
51 57
51 58
51 59
52 54
52 55
52 56
52 57
52 58
52 59
53 54
53 55
53 56
53 57
53 58
53 59
54 55
54 56
54 58
54 59
54 96
54 72
54 74
55 56
55 57
55 58
55 59
56 57
56 58
56 59
56 62
57 58
58 59
60 61
60 62
60 63
60 64
60 65
60 66
60 67
60 68
60 69
60 90
61 62
61 63
61 64
61 67
61 68
61 69
62 65
62 66
62 67
62 68
62 69
62 95
63 64
63 65
63 66
63 67
63 68
63 69
64 65
64 66
64 67
64 68
64 69
65 66
65 67
65 68
65 81
66 67
66 68
66 69
67 68
67 69
68 69
70 71
70 72
70 73
70 74
70 75
70 76
70 77
70 78
70 79
71 72
71 73
71 74
71 75
71 76
71 77
71 78
71 79
72 73
72 74
72 75
72 76
72 77
72 78
73 74
73 75
73 76
73 77
73 78
73 79
74 75
74 76
74 78
74 79
75 76
75 77
75 78
75 79
76 77
76 78
76 79
77 78
77 79
78 79
80 81
80 82
80 83
80 84
80 85
80 86
80 87
80 88
81 82
81 83
81 84
81 85
81 86
81 87
81 88
81 89
82 83
82 84
82 86
82 87
82 88
83 84
83 85
83 86
83 87
83 88
83 89
84 85
84 86
84 87
84 88
84 89
85 86
85 87
85 88
85 89
86 87
86 88
86 89
87 88
87 89
88 89
90 91
90 93
90 94
90 95
90 96
90 97
90 98
90 99
91 92
91 93
91 94
91 95
91 96
91 97
91 98
91 99
92 93
92 94
92 95
92 96
92 97
92 98
92 99
93 94
93 95
93 96
93 97
93 98
93 99
94 96
94 97
94 98
94 99
95 96
95 97
95 99
96 97
96 99
97 98
97 99
98 99
100 450# diff=-1
0 1
0 2
0 3
0 5
0 7
0 8
0 9
0 47
0 13
1 2
1 3
1 4
1 5
1 6
1 7
1 17
1 18
2 3
2 4
2 5
2 6
2 7
2 8
2 9
3 4
3 5
3 6
3 8
3 9
3 54
3 10
4 5
4 6
4 7
4 8
4 9
4 63
4 73
5 6
5 8
5 9
5 84
5 30
6 7
6 8
6 9
7 8
7 9
7 24
8 9
10 11
10 12
10 14
10 15
10 16
10 18
10 19
10 94
11 12
11 13
11 14
11 15
11 16
11 17
11 18
11 19
12 13
12 14
12 15
12 16
12 17
12 18
12 19
13 15
13 16
13 17
13 18
13 19
13 60
13 78
14 15
14 16
14 17
14 18
14 19
15 16
15 18
15 19
15 36
16 17
16 18
16 19
16 45
16 91
17 18
17 19
17 47
18 19
18 71
20 21
20 22
20 24
20 25
20 26
20 27
20 28
20 29
20 87
21 22
21 23
21 24
21 25
21 26
21 27
21 28
21 29
22 23
22 24
22 25
22 26
22 27
22 28
22 29
23 24
23 25
23 26
23 27
23 29
23 81
23 75
24 25
24 27
24 28
24 29
25 26
25 27
25 28
25 29
25 81
25 94
26 27
26 28
26 29
26 41
27 28
27 29
28 29
29 32
30 31
30 32
30 33
30 34
30 35
30 37
30 39
30 94
30 72
31 32
31 34
31 36
31 37
31 38
31 39
31 70
31 44
31 81
32 33
32 34
32 35
32 36
32 37
32 38
32 90
33 34
33 35
33 36
33 37
33 38
33 39
34 35
34 36
34 37
34 38
34 39
34 80
35 36
35 37
35 38
35 39
36 39
36 86
36 41
36 97
37 38
37 39
38 39
39 82
40 41
40 42
40 43
40 44
40 45
40 46
40 47
40 48
40 49
41 42
41 43
41 44
41 45
41 46
41 47
41 48
41 66
42 43
42 44
42 45
42 46
42 47
42 48
42 49
43 44
43 45
43 46
43 47
43 48
43 49
44 46
44 47
44 48
44 49
44 72
44 51
45 47
45 48
45 49
46 47
46 48
46 49
46 92
47 49
48 49
48 84
50 52
50 54
50 55
50 56
50 57
50 58
50 59
50 60
50 68
51 52
51 53
51 54
51 55
51 56
51 58
51 59
52 53
52 54
52 55
52 56
52 57
52 58
52 59
53 54
53 55
53 56
53 57
53 58
53 59
54 55
54 56
54 57
54 58
54 59
55 56
55 57
55 58
55 84
56 57
56 58
56 59
57 58
57 59
57 62
58 59
59 80
60 61
60 62
60 63
60 64
60 65
60 66
60 67
60 68
60 69
61 62
61 63
61 64
61 65
61 66
61 67
61 68
61 69
62 64
62 65
62 66
62 67
62 68
62 69
63 64
63 65
63 66
63 67
63 68
64 65
64 66
64 67
64 68
64 69
65 66
65 67
65 68
65 69
66 67
66 69
67 68
67 69
68 69
69 93
70 71
70 72
70 73
70 74
70 75
70 76
70 77
70 78
70 79
71 72
71 73
71 74
71 75
71 76
71 78
71 79
72 73
72 75
72 76
72 77
72 78
72 79
73 74
73 75
73 76
73 77
73 79
74 75
74 76
74 77
74 78
74 79
75 76
75 77
75 78
76 77
76 78
76 79
77 78
77 79
77 92
80 82
80 83
80 84
80 85
80 86
80 87
80 88
81 82
81 84
81 85
81 86
81 87
81 88
82 83
82 84
82 85
82 86
82 88
82 89
83 84
83 85
83 86
83 87
83 88
83 89
84 85
84 86
84 87
84 89
85 86
85 87
85 88
85 89
86 87
86 88
86 89
87 88
87 89
88 89
90 91
90 92
90 93
90 94
90 96
90 97
90 98
90 99
91 92
91 94
91 95
91 96
91 97
91 98
91 99
92 93
92 94
92 95
92 96
92 99
93 95
93 96
93 97
93 98
93 99
94 95
94 96
94 97
94 99
95 96
95 97
95 98
95 99
96 97
96 98
96 99
97 98
98 99
100 450# diff=-1
0 1
0 2
0 3
0 5
0 6
0 7
0 8
0 54
0 81
1 2
1 3
1 4
1 5
1 6
1 7
1 8
1 9
1 74
2 3
2 4
2 5
2 6
2 7
2 9
2 26
2 63
3 4
3 5
3 6
3 8
3 9
3 28
4 5
4 6
4 7
4 8
4 80
5 6
5 7
5 8
5 9
6 7
6 8
6 9
7 8
7 9
7 50
8 9
8 92
9 13
10 11
10 12
10 13
10 14
10 15
10 16
10 17
10 18
10 58
10 87
11 12
11 13
11 14
11 15
11 16
11 18
11 19
11 64
12 14
12 15
12 16
12 17
12 19
12 36
12 96
13 14
13 16
13 17
13 19
13 46
14 15
14 16
14 17
14 18
14 19
15 16
15 17
15 19
15 51
15 63
15 94
16 18
16 19
16 97
17 18
17 19
18 19
20 21
20 22
20 23
20 24
20 25
20 27
20 28
20 29
20 94
21 22
21 23
21 24
21 25
21 26
21 27
21 28
21 29
22 23
22 24
22 25
22 26
22 27
22 28
22 29
22 54
23 24
23 25
23 26
23 27
23 28
23 29
23 84
24 25
24 26
24 27
24 29
24 33
24 51
24 52
25 26
25 27
25 28
25 29
26 27
26 28
26 29
27 28
27 29
27 81
28 29
28 92
29 51
30 32
30 33
30 34
30 35
30 36
30 37
30 38
30 39
30 79
31 32
31 33
31 34
31 35
31 37
31 38
31 39
31 72
31 60
32 33
32 34
32 35
32 36
32 37
32 38
32 39
33 34
33 35
33 36
33 37
33 38
33 39
33 92
34 35
34 36
34 37
34 38
34 39
35 36
35 37
35 38
35 39
36 37
36 38
36 39
37 38
37 39
37 81
38 39
40 41
40 42
40 43
40 44
40 46
40 47
40 48
40 49
40 75
40 61
41 42
41 43
41 44
41 45
41 46
41 47
41 48
41 49
42 43
42 44
42 45
42 46
42 47
42 48
42 49
42 60
43 44
43 45
43 46
43 47
43 48
43 49
43 95
44 45
44 46
44 47
44 48
44 49
45 46
45 47
45 48
45 49
45 83
46 47
46 48
46 77
47 48
47 49
47 72
48 49
50 51
50 52
50 53
50 56
50 57
50 58
50 59
50 99
50 80
51 52
51 53
51 54
51 55
51 57
51 59
52 53
52 55
52 56
52 57
52 58
52 59
53 54
53 55
53 56
53 57
53 58
53 59
54 55
54 57
54 58
54 59
55 56
55 57
55 58
55 59
56 57
56 58
56 59
57 58
57 59
58 59
60 61
60 63
60 64
60 65
60 66
60 67
60 69
61 62
61 63
61 65
61 66
61 67
61 68
61 69
62 63
62 64
62 65
62 66
62 67
62 68
62 69
63 64
63 66
63 67
63 69
63 71
64 65
64 66
64 67
64 68
64 69
65 66
65 67
65 68
65 69
66 67
66 68
66 69
66 82
67 68
67 69
68 69
70 71
70 72
70 73
70 74
70 75
70 76
70 77
70 78
70 79
71 72
71 73
71 74
71 75
71 76
71 77
71 78
72 73
72 75
72 76
72 77
72 78
72 79
73 74
73 75
73 76
73 77
73 78
73 79
74 75
74 76
74 78
74 79
75 76
75 77
75 78
75 79
76 77
76 78
76 79
76 91
77 78
77 79
78 79
80 81
80 82
80 83
80 84
80 85
80 86
80 88
80 89
81 83
81 84
81 86
81 87
81 88
81 89
82 84
82 85
82 86
82 87
82 88
82 89
83 85
83 86
83 87
83 88
83 89
84 85
84 86
84 87
84 89
85 86
85 87
85 88
85 89
86 87
86 88
86 89
87 88
88 89
90 91
90 92
90 93
90 94
90 95
90 96
90 97
90 98
90 99
91 92
91 93
91 94
91 96
91 97
91 98
91 99
92 93
92 94
92 95
92 96
93 94
93 95
93 96
93 97
93 98
93 99
94 95
94 96
94 97
94 98
95 96
95 97
95 98
96 97
96 98
96 99
97 98
97 99
98 99
100 450# diff=-1
0 1
0 2
0 3
0 4
0 5
0 6
0 7
0 8
0 9
1 3
1 4
1 5
1 6
1 7
1 8
1 9
1 62
2 3
2 5
2 6
2 7
2 8
2 9
2 30
3 4
3 5
3 6
3 8
3 77
3 30
4 5
4 6
4 7
4 8
4 9
5 6
5 7
5 8
5 9
6 7
6 8
6 9
6 77
7 8
7 9
8 9
9 14
10 11
10 12
10 13
10 14
10 15
10 16
10 17
10 41
10 26
11 12
11 13
11 14
11 15
11 16
11 17
11 18
11 19
12 13
12 14
12 15
12 16
12 17
12 18
12 19
13 14
13 15
13 16
13 17
13 18
13 19
13 41
13 52
14 15
14 17
14 18
14 19
15 16
15 17
15 18
15 19
16 17
16 18
16 19
17 19
17 79
17 82
18 19
20 21
20 22
20 23
20 24
20 25
20 27
20 28
20 29
20 46
21 22
21 23
21 25
21 26
21 27
21 28
21 29
21 44
22 23
22 24
22 25
22 26
22 27
22 28
22 29
23 25
23 26
23 28
23 74
23 75
23 47
24 25
24 26
24 27
24 28
24 29
24 84
25 26
25 27
25 29
25 72
25 68
26 27
26 28
26 29
27 28
27 29
28 29
30 31
30 32
30 33
30 34
30 35
30 36
30 37
30 38
30 39
31 32
31 33
31 34
31 35
31 36
31 37
31 38
31 39
32 33
32 34
32 35
32 36
32 37
32 38
32 39
32 51
32 73
33 34
33 35
33 36
33 37
33 38
33 39
33 65
34 35
34 36
34 37
34 38
34 39
35 36
35 37
35 38
35 39
36 39
36 97
36 48
36 90
37 38
37 39
38 46
40 41
40 42
40 43
40 44
40 45
40 46
40 47
40 48
40 49
41 42
41 44
41 45
41 46
41 47
41 48
41 98
42 43
42 44
42 45
42 46
42 47
42 48
42 63
43 44
43 45
43 46
43 48
43 49
43 95
44 45
44 46
44 47
44 48
44 49
45 46
45 47
45 48
45 49
46 47
46 48
46 49
47 48
47 49
48 49
50 51
50 52
50 53
50 55
50 56
50 57
50 58
50 59
50 62
51 53
51 54
51 55
51 56
51 57
51 58
51 59
52 53
52 54
52 55
52 56
52 57
52 59
53 54
53 55
53 56
53 58
53 59
53 83
54 55
54 56
54 57
54 58
54 59
55 56
55 58
55 59
55 70
55 66
56 57
56 58
56 59
57 58
57 59
58 59
60 61
60 62
60 63
60 64
60 65
60 66
60 67
60 68
60 69
61 62
61 63
61 64
61 65
61 67
61 68
61 69
61 83
62 63
62 64
62 65
62 66
62 67
62 68
62 69
63 64
63 65
63 66
63 67
63 69
63 72
64 65
64 66
64 67
64 68
64 69
65 66
65 67
65 68
66 67
66 68
67 68
67 69
68 91
70 71
70 72
70 73
70 74
70 75
70 76
70 77
70 78
70 79
71 72
71 73
71 74
71 75
71 76
71 77
71 78
71 79
72 73
72 74
72 75
72 76
72 77
72 78
72 79
73 74
73 75
73 76
73 77
73 79
74 75
74 76
74 77
74 78
74 79
75 76
75 77
75 78
75 79
76 77
76 78
76 79
77 79
78 91
80 81
80 82
80 83
80 84
80 85
80 86
80 87
80 88
80 89
81 82
81 83
81 84
81 85
81 86
81 87
81 88
81 89
82 83
82 84
82 86
82 87
82 88
82 89
83 84
83 85
83 86
83 87
83 88
83 89
84 86
84 87
84 88
84 89
85 86
85 87
85 88
85 89
86 87
86 88
86 89
87 88
87 89
88 89
90 91
90 92
90 93
90 94
90 95
90 96
90 97
90 98
91 92
91 93
91 94
91 95
91 96
91 97
91 99
92 93
92 94
92 95
92 96
92 97
92 98
92 99
93 94
93 95
93 96
93 97
93 98
93 99
94 95
94 96
94 97
94 98
94 99
95 96
95 97
95 98
95 99
96 97
96 98
96 99
97 98
97 99
98 99
100 450# diff=-1
0 1
0 2
0 3
0 4
0 6
0 7
0 8
0 9
0 39
1 2
1 3
1 4
1 5
1 6
1 8
1 9
1 49
2 3
2 4
2 5
2 6
2 7
2 8
2 9
3 4
3 5
3 6
3 7
3 8
3 9
4 5
4 6
4 7
4 8
4 9
4 85
5 6
5 7
5 9
5 63
6 7
6 8
6 9
6 74
6 92
7 8
7 9
8 9
8 11
8 32
9 36
9 74
10 12
10 13
10 14
10 15
10 17
10 18
10 19
10 60
10 92
11 12
11 14
11 15
11 16
11 17
11 18
11 19
12 13
12 14
12 15
12 16
12 17
12 18
12 19
13 14
13 15
13 16
13 18
13 19
13 55
13 21
13 50
13 88
14 15
14 16
14 17
14 18
14 19
14 72
15 16
15 17
15 18
15 19
16 17
16 18
16 19
17 18
17 19
18 19
20 21
20 22
20 23
20 24
20 25
20 26
20 28
20 29
20 82
21 22
21 23
21 25
21 26
21 27
21 28
21 29
21 83
22 23
22 24
22 25
22 26
22 27
22 28
22 29
23 24
23 25
23 26
23 27
23 28
23 29
23 33
23 77
24 25
24 26
24 27
24 28
24 29
25 26
25 29
25 83
25 38
26 27
26 28
26 29
27 28
27 29
27 30
28 29
28 37
30 31
30 33
30 35
30 36
30 37
30 38
30 96
30 78
31 32
31 33
31 34
31 35
31 36
31 37
31 39
31 93
32 33
32 34
32 35
32 37
32 38
32 39
32 61
32 85
33 34
33 36
33 37
33 38
33 39
33 53
33 64
34 35
34 36
34 38
34 39
34 88
34 75
35 36
35 37
35 38
35 39
35 40
35 80
36 37
36 39
36 72
37 39
38 39
40 41
40 42
40 43
40 44
40 47
40 48
40 49
40 45
41 42
41 43
41 44
41 45
41 46
41 47
41 48
41 49
42 43
42 44
42 45
42 46
42 47
42 48
42 49
43 44
43 45
43 46
43 48
43 49
43 87
44 45
44 46
44 47
44 48
44 49
45 46
45 47
45 48
45 49
45 86
46 47
46 49
46 66
47 48
47 49
48 49
49 82
50 51
50 52
50 56
50 57
50 58
50 63
50 53
50 89
51 52
51 53
51 54
51 55
51 56
51 57
51 58
51 59
52 54
52 55
52 56
52 57
52 58
52 59
52 71
52 92
53 54
53 57
53 58
53 59
53 98
54 55
54 56
54 57
54 58
54 59
55 56
55 57
55 58
55 59
56 57
56 58
56 59
57 58
57 59
58 59
60 61
60 62
60 63
60 64
60 66
60 67
60 68
60 69
60 91
61 62
61 63
61 64
61 66
61 67
61 68
61 69
62 63
62 64
62 65
62 66
62 67
62 68
62 69
63 64
63 65
63 66
63 67
63 68
63 69
64 65
64 66
64 68
64 69
64 72
65 66
65 67
65 68
65 69
66 67
66 68
66 69
67 68
67 69
68 69
68 93
70 71
70 72
70 73
70 74
70 75
70 76
70 77
70 78
70 79
70 93
71 72
71 73
71 74
71 75
71 76
71 77
71 78
71 79
72 73
72 74
72 76
72 78
73 74
73 75
73 76
73 77
73 79
73 82
74 76
74 78
74 79
75 76
75 77
75 79
76 77
76 78
76 79
77 78
78 79
79 80
80 81
80 82
80 83
80 84
80 86
80 87
80 89
81 82
81 83
81 84
81 85
81 86
81 87
81 88
81 89
82 83
82 84
82 85
82 86
82 88
82 89
83 84
83 85
83 87
83 88
83 89
84 85
84 86
84 87
84 88
84 89
85 87
85 89
86 87
86 89
87 88
87 89
90 91
90 92
90 93
90 94
90 95
90 96
90 97
90 98
90 99
91 92
91 93
91 94
91 95
91 96
91 97
91 98
91 99
92 93
92 96
92 97
92 98
92 99
93 94
93 96
93 98
93 99
94 95
94 96
94 97
94 98
94 99
95 96
95 97
95 98
95 99
96 97
96 98
96 99
97 98
97 99
98 99
100 450# diff=-1
0 1
0 2
0 3
0 4
0 5
0 6
0 7
0 8
0 9
0 40
1 2
1 3
1 4
1 5
1 6
1 8
1 9
1 89
1 35
2 3
2 4
2 5
2 6
2 7
2 8
2 9
3 4
3 5
3 6
3 8
3 9
3 26
4 5
4 6
4 7
4 8
4 9
5 6
5 7
5 8
5 9
6 7
6 8
6 9
6 78
7 9
7 70
7 51
8 9
10 11
10 12
10 13
10 14
10 15
10 16
10 17
10 18
10 19
11 12
11 13
11 14
11 15
11 16
11 17
11 18
11 19
12 13
12 14
12 15
12 16
12 17
12 19
12 24
13 14
13 15
13 16
13 17
13 18
13 78
14 15
14 16
14 17
14 18
14 37
15 16
15 18
15 19
15 60
15 55
16 17
16 18
16 19
17 19
17 37
17 21
18 19
19 92
20 21
20 22
20 23
20 24
20 25
20 26
20 27
20 28
20 29
21 22
21 23
21 25
21 26
21 27
21 28
21 36
22 23
22 24
22 25
22 26
22 27
22 28
22 29
23 24
23 25
23 26
23 27
23 28
23 29
24 25
24 26
24 27
24 28
24 29
25 26
25 27
25 28
25 68
25 41
26 27
26 28
26 29
27 28
27 29
28 29
30 31
30 32
30 33
30 34
30 36
30 37
30 38
30 39
30 74
31 32
31 34
31 35
31 36
31 37
31 38
31 39
31 47
32 33
32 34
32 35
32 36
32 37
32 38
32 39
33 35
33 36
33 37
33 38
33 39
33 77
34 35
34 37
34 38
34 39
34 52
34 45
35 37
35 38
35 39
36 37
36 38
36 76
37 38
37 39
38 39
40 41
40 42
40 44
40 45
40 46
40 47
40 48
40 49
40 54
41 42
41 43
41 44
41 45
41 47
41 48
41 49
42 43
42 44
42 45
42 46
42 47
42 48
42 49
42 50
43 45
43 46
43 47
43 48
43 49
43 83
43 57
44 45
44 46
44 47
44 48
44 49
45 46
45 47
45 49
46 47
46 48
46 49
46 63
47 48
47 49
48 49
48 84
49 55
50 51
50 52
50 53
50 54
50 55
50 56
50 57
50 59
51 52
51 53
51 54
51 55
51 56
51 57
51 58
52 53
52 54
52 55
52 56
52 57
52 58
52 59
53 54
53 55
53 56
53 57
53 58
53 59
54 56
54 57
54 58
54 59
55 56
55 59
55 85
55 94
56 57
56 58
56 59
56 84
57 58
58 59
58 61
60 61
60 62
60 64
60 65
60 66
60 67
60 68
60 69
60 74
61 62
61 63
61 64
61 65
61 66
61 67
61 69
62 63
62 64
62 65
62 66
62 67
62 68
62 69
63 64
63 65
63 66
63 67
63 69
63 90
64 65
64 66
64 67
64 68
64 69
65 66
65 67
65 68
65 69
66 67
66 68
66 69
67 68
67 69
68 69
70 71
70 72
70 73
70 74
70 75
70 76
70 77
70 78
70 79
70 94
71 72
71 73
71 74
71 75
71 76
71 77
71 78
71 79
72 73
72 74
72 75
72 76
72 77
72 78
72 79
73 74
73 75
73 76
73 77
73 78
73 79
74 75
74 76
74 77
74 78
74 79
75 76
75 77
75 78
75 79
76 77
76 78
76 79
77 78
77 79
80 81
80 82
80 83
80 84
80 85
80 86
80 87
80 88
80 89
81 82
81 83
81 84
81 85
81 86
81 87
81 88
81 89
82 83
82 84
82 85
82 86
82 87
82 88
82 89
83 84
83 85
83 86
83 87
83 88
83 89
84 85
84 86
84 89
85 87
85 88
85 96
86 87
86 88
86 89
87 88
87 89
88 89
90 91
90 93
90 94
90 95
90 96
90 97
90 98
90 99
91 92
91 93
91 94
91 95
91 96
91 97
91 98
91 99
92 93
92 94
92 95
92 97
92 98
92 99
93 94
93 95
93 96
93 97
93 98
93 99
94 95
94 97
94 98
95 96
95 97
95 98
95 99
96 97
96 98
96 99
97 98
97 99
98 99
100 450# diff=-1
0 2
0 3
0 4
0 5
0 7
0 8
0 9
0 86
0 30
1 2
1 3
1 4
1 5
1 6
1 7
1 8
1 9
1 45
2 3
2 4
2 5
2 7
2 8
2 9
2 19
3 4
3 5
3 6
3 7
3 8
3 9
4 5
4 6
4 7
4 8
4 62
4 61
5 6
5 7
5 8
5 9
6 7
6 8
6 9
7 8
7 9
8 9
10 11
10 12
10 13
10 14
10 15
10 16
10 17
10 18
10 19
11 12
11 13
11 14
11 15
11 16
11 17
11 18
11 19
12 13
12 14
12 15
12 16
12 17
12 18
12 19
13 14
13 15
13 17
13 18
13 19
13 44
14 16
14 18
14 19
14 48
14 22
15 16
15 17
15 18
15 19
15 53
16 17
16 18
16 19
17 18
17 19
18 19
20 21
20 22
20 23
20 24
20 25
20 26
20 27
20 28
20 29
20 54
21 22
21 23
21 24
21 25
21 26
21 27
21 28
21 29
22 23
22 24
22 25
22 26
22 27
22 29
22 65
23 24
23 25
23 26
23 28
23 29
23 93
24 25
24 26
24 27
24 28
24 29
25 26
25 27
25 28
25 29
26 27
26 28
26 29
27 28
27 29
28 29
29 36
30 31
30 32
30 33
30 34
30 36
30 37
30 38
30 39
30 79
31 32
31 33
31 34
31 35
31 36
31 37
31 39
31 76
31 43
32 33
32 34
32 35
32 36
32 37
32 38
32 39
32 74
33 34
33 35
33 36
33 37
33 38
33 39
34 36
34 37
34 38
34 80
34 77
35 36
35 37
35 38
35 39
36 38
36 39
37 38
37 39
38 39
38 43
38 65
40 41
40 42
40 43
40 44
40 46
40 47
40 48
40 49
40 52
41 42
41 43
41 44
41 45
41 46
41 47
41 49
41 79
42 43
42 44
42 45
42 46
42 47
42 48
42 78
43 44
43 46
43 47
43 49
44 45
44 47
44 49
44 70
44 83
45 46
45 48
45 49
46 48
46 49
46 59
47 48
47 49
48 49
49 94
50 51
50 52
50 53
50 54
50 55
50 56
50 57
50 58
50 59
51 52
51 53
51 54
51 55
51 56
51 57
51 58
51 59
52 53
52 54
52 55
52 56
52 57
52 59
52 69
52 74
53 54
53 55
53 56
53 57
53 59
54 55
54 57
54 58
54 59
55 56
55 57
55 58
55 59
56 57
56 58
56 59
57 58
57 59
58 59
58 91
59 77
60 61
60 62
60 63
60 64
60 65
60 66
60 67
60 68
60 69
60 81
61 62
61 63
61 64
61 66
61 67
61 68
61 69
62 63
62 64
62 65
62 66
62 67
62 68
62 69
63 64
63 65
63 66
63 67
63 68
63 69
64 65
64 66
64 67
64 68
64 69
65 67
65 68
65 69
66 67
66 68
66 69
66 80
67 68
67 69
68 69
70 71
70 72
70 73
70 74
70 75
70 76
70 77
70 78
70 79
71 72
71 73
71 74
71 75
71 76
71 77
71 78
71 79
72 73
72 74
72 75
72 76
72 77
72 78
72 79
73 74
73 75
73 76
73 77
73 78
73 79
74 75
74 78
74 79
75 76
75 77
75 78
75 79
75 92
76 77
76 78
76 79
77 78
78 79
80 81
80 82
80 83
80 84
80 85
80 86
80 88
80 89
81 82
81 83
81 84
81 85
81 86
81 87
81 89
81 90
82 83
82 84
82 85
82 86
82 87
82 88
82 89
83 84
83 85
83 86
83 87
83 88
83 89
84 85
84 86
84 87
84 88
84 89
85 86
85 87
85 88
85 89
86 87
86 88
86 89
87 88
87 89
88 89
89 95
90 91
90 92
90 93
90 94
90 95
90 96
90 97
90 99
91 92
91 93
91 94
91 96
91 97
91 98
91 99
92 93
92 94
92 95
92 96
92 97
92 99
93 94
93 95
93 96
93 97
93 98
93 99
94 95
94 96
94 97
94 98
95 96
95 97
95 99
96 97
96 98
96 99
97 98
97 99
98 99
100 450# diff=-1
0 1
0 2
0 4
0 5
0 6
0 7
0 8
0 9
0 91
0 45
0 82
1 2
1 3
1 4
1 5
1 6
1 7
1 8
1 9
1 40
1 44
2 3
2 4
2 5
2 6
2 7
2 8
2 9
2 81
3 4
3 5
3 7
3 8
3 42
3 56
4 5
4 6
4 7
4 8
4 9
5 6
5 7
5 8
5 9
6 7
6 8
6 9
6 30
7 8
7 9
8 9
10 11
10 12
10 13
10 14
10 15
10 16
10 17
10 18
10 19
11 12
11 13
11 14
11 16
11 17
11 18
11 19
11 21
11 35
12 14
12 15
12 16
12 17
12 18
12 19
12 34
13 14
13 15
13 16
13 17
13 18
13 19
13 32
13 91
14 15
14 16
14 17
14 18
14 19
15 16
15 17
15 18
15 19
15 21
16 17
16 18
16 19
16 65
17 18
17 19
17 40
17 61
17 65
18 19
20 21
20 22
20 23
20 24
20 25
20 26
20 27
20 28
20 29
20 40
21 22
21 23
21 24
21 26
21 27
21 28
21 29
21 25
21 62
22 23
22 24
22 25
22 26
22 27
22 28
22 29
23 24
23 25
23 26
23 27
23 28
23 29
23 31
24 25
24 26
24 27
24 28
24 29
25 26
25 27
25 28
26 27
26 28
26 29
26 56
27 28
27 29
28 29
29 68
30 31
30 32
30 33
30 34
30 35
30 36
30 38
30 49
30 95
31 32
31 33
31 34
31 35
31 36
31 37
31 39
31 54
32 33
32 34
32 35
32 36
32 37
32 39
33 34
33 35
33 36
33 37
33 38
33 39
33 67
33 90
34 35
34 36
34 37
34 38
34 39
34 52
35 36
35 38
35 39
36 37
36 38
36 39
37 38
37 39
38 39
38 40
39 57
40 41
40 42
40 44
40 47
40 49
40 50
41 42
41 43
41 44
41 45
41 46
41 47
41 48
41 49
41 81
42 43
42 44
42 46
42 47
42 49
42 97
42 82
43 44
43 46
43 47
43 48
43 49
43 57
43 62
43 91
44 45
44 46
44 48
44 49
45 47
45 48
45 49
46 47
46 48
46 49
47 48
47 49
48 49
50 51
50 52
50 53
50 54
50 56
50 57
50 58
50 59
51 53
51 54
51 55
51 56
51 57
51 58
51 59
51 60
52 53
52 54
52 56
52 57
52 58
52 59
53 54
53 55
53 56
53 57
53 58
53 59
54 55
54 56
54 58
54 59
55 56
55 57
55 58
55 99
55 81
55 84
56 57
56 58
57 59
58 59
60 61
60 62
60 63
60 64
60 65
60 66
60 67
60 68
60 69
61 62
61 63
61 64
61 66
61 67
61 68
61 69
62 65
62 66
62 67
62 68
62 69
63 64
63 65
63 66
63 67
63 68
63 69
64 66
64 67
64 68
64 69
64 80
65 68
65 69
66 67
66 68
66 69
67 68
70 71
70 72
70 74
70 75
70 76
70 77
70 78
70 79
70 95
71 72
71 73
71 74
71 75
71 76
71 77
71 78
71 79
72 73
72 74
72 75
72 76
72 78
72 79
72 88
73 74
73 75
73 76
73 77
73 78
73 79
74 75
74 76
74 77
74 78
74 79
75 76
75 77
75 78
75 79
76 77
76 78
76 79
77 78
77 79
78 79
80 81
80 82
80 83
80 84
80 85
80 86
80 87
80 88
80 89
81 82
81 84
81 85
81 87
81 89
82 83
82 84
82 85
82 86
82 87
82 89
83 84
83 85
83 86
83 87
83 88
83 89
84 85
84 86
84 87
84 89
85 86
85 87
85 88
85 89
86 87
86 88
86 89
87 88
87 89
88 89
90 91
90 93
90 94
90 95
90 96
90 97
90 98
90 99
91 93
91 95
91 96
91 97
91 98
91 99
92 93
92 94
92 95
92 96
92 97
92 98
92 99
93 94
93 95
93 96
93 97
93 98
93 99
94 95
94 96
94 97
94 98
94 99
95 96
95 97
95 99
96 97
96 98
96 99
97 98
97 99
98 99
100 295# diff=-1
0 10
0 40
0 41
0 45
0 57
0 77
1 2
1 10
1 33
1 53
1 61
1 77
1 81
2 12
2 31
2 53
2 62
2 79
3 12
3 22
3 31
3 33
3 45
3 51
3 53
3 77
3 78
3 81
3 89
4 12
4 21
4 54
4 55
4 68
4 76
4 77
4 85
4 88
4 89
5 18
6 25
6 26
6 46
6 51
6 65
6 94
7 9
8 49
8 60
8 64
8 65
8 70
8 89
9 69
9 18
10 12
10 39
10 42
10 48
10 54
10 63
10 90
11 27
12 33
12 35
12 47
12 49
12 50
12 64
13 26
13 29
13 44
13 45
13 73
13 75
13 88
13 92
14 62
14 66
15 41
15 66
15 81
16 24
16 41
16 44
17 19
17 58
17 60
17 70
17 78
17 79
17 87
18 83
19 20
19 38
19 80
19 81
20 27
20 59
20 66
20 81
21 37
21 55
21 56
21 68
21 93
21 99
22 32
22 40
22 47
22 58
22 70
22 76
22 96
23 35
23 36
23 43
23 49
23 64
23 87
23 89
23 98
24 56
24 68
24 74
24 91
24 99
25 55
25 65
25 94
26 46
26 57
26 63
26 75
26 99
27 77
28 52
28 95
29 41
29 42
29 86
29 88
30 31
30 42
30 45
30 66
30 86
31 40
31 62
31 80
32 41
32 48
32 79
32 88
33 39
33 48
33 61
33 81
34 43
34 50
34 51
34 55
34 72
34 74
34 94
35 36
35 54
35 72
35 82
35 84
35 85
35 87
35 94
36 60
36 64
36 71
36 84
36 98
37 75
38 78
38 81
39 74
39 77
40 52
41 69
41 90
41 95
41 97
43 50
43 82
44 46
44 56
44 67
44 68
44 77
45 63
46 56
46 63
46 75
47 53
47 77
47 87
47 88
47 89
48 53
48 58
48 69
48 70
48 77
49 62
49 71
49 76
50 55
50 64
50 88
50 92
50 94
50 98
51 54
51 65
51 82
51 92
52 69
52 90
52 93
53 89
54 64
54 71
54 82
54 85
54 96
55 75
55 82
55 84
56 67
56 73
56 75
56 91
56 99
57 92
57 94
58 87
59 61
60 64
60 72
60 76
61 78
61 87
62 66
62 81
63 67
63 88
63 90
63 96
64 71
64 82
64 85
64 86
65 74
65 82
65 93
65 99
67 68
67 81
67 99
68 73
70 80
70 87
70 89
72 82
72 84
72 85
72 94
73 91
74 79
74 88
74 92
76 89
77 81
77 86
77 88
78 79
79 80
82 84
82 89
82 92
85 89
85 94
86 88
86 95
87 89
87 98
91 92
91 95
93 99
100 952# diff=-1
0 11
0 9
0 12
0 24
0 25
0 26
0 27
0 28
0 29
0 30
1 3
1 13
1 31
1 32
1 33
1 34
1 35
1 36
1 37
2 10
2 6
2 14
2 38
2 39
2 40
2 41
2 42
2 43
2 44
3 11
3 15
3 45
3 46
3 47
3 48
3 49
3 50
3 51
4 5
4 6
4 16
4 52
4 53
4 54
4 55
4 56
4 57
4 58
5 10
5 8
5 7
5 17
5 59
5 60
5 61
5 62
5 63
5 64
5 65
6 18
6 66
6 67
6 68
6 69
6 70
6 71
6 72
7 19
7 73
7 74
7 75
7 76
7 77
7 78
7 79
8 9
8 20
8 80
8 81
8 82
8 83
8 84
8 85
8 86
9 21
9 87
9 88
9 89
9 90
9 91
9 92
9 93
10 22
10 94
10 95
10 96
10 97
10 98
10 99
11 23
12 23
12 13
14 16
14 21
15 21
15 22
16 17
16 19
16 23
17 20
18 23
18 20
19 23
20 21
24 25
24 26
24 38
24 49
24 50
24 51
24 54
24 56
24 57
24 58
24 59
24 61
24 64
24 67
24 68
24 71
24 73
24 74
24 79
24 82
24 85
24 90
24 94
24 95
24 97
25 26
25 28
25 29
25 33
25 34
25 37
25 42
25 43
25 49
25 52
25 53
25 59
25 70
25 81
25 82
25 83
25 89
25 90
25 92
25 93
25 99
26 30
26 32
26 36
26 42
26 49
26 57
26 59
26 61
26 64
26 67
26 69
26 70
26 73
26 75
26 76
26 77
26 85
26 96
27 31
27 36
27 37
27 39
27 40
27 41
27 44
27 54
27 59
27 61
27 63
27 64
27 65
27 67
27 73
27 76
27 82
27 85
27 86
27 90
27 92
27 98
28 32
28 34
28 39
28 50
28 53
28 58
28 61
28 62
28 64
28 77
28 79
28 81
28 83
28 84
28 92
28 94
28 95
29 30
29 33
29 34
29 35
29 37
29 41
29 42
29 44
29 47
29 51
29 55
29 65
29 66
29 73
29 82
29 83
29 87
29 92
29 95
29 98
30 32
30 40
30 41
30 42
30 45
30 48
30 49
30 52
30 56
30 58
30 62
30 63
30 66
30 67
30 69
30 70
30 72
30 73
30 79
30 81
30 83
30 87
30 89
30 90
30 94
30 97
31 32
31 45
31 48
31 50
31 57
31 58
31 59
31 64
31 66
31 69
31 85
31 88
31 90
31 91
31 98
32 36
32 37
32 42
32 43
32 44
32 47
32 49
32 52
32 54
32 58
32 60
32 62
32 65
32 66
32 67
32 68
32 72
32 73
32 75
32 84
32 85
32 86
32 95
32 97
33 40
33 41
33 56
33 57
33 59
33 63
33 64
33 69
33 70
33 79
33 80
33 83
33 86
33 87
33 93
34 36
34 37
34 38
34 39
34 40
34 41
34 44
34 49
34 53
34 56
34 57
34 68
34 69
34 70
34 74
34 76
34 78
34 81
34 83
34 84
34 85
34 88
34 89
34 92
34 96
35 36
35 37
35 39
35 45
35 47
35 48
35 53
35 56
35 61
35 65
35 75
35 77
35 82
35 85
35 87
35 90
35 91
35 94
35 96
35 99
36 40
36 51
36 54
36 58
36 60
36 61
36 63
36 67
36 68
36 71
36 73
36 74
36 77
36 78
36 89
36 90
36 92
36 94
36 96
37 38
37 41
37 43
37 47
37 51
37 52
37 53
37 56
37 57
37 59
37 60
37 68
37 72
37 74
37 80
37 82
37 85
37 87
37 89
37 93
37 99
38 42
38 45
38 50
38 52
38 59
38 65
38 70
38 73
38 74
38 79
38 80
38 94
38 98
39 40
39 47
39 48
39 52
39 55
39 57
39 58
39 59
39 61
39 65
39 74
39 75
39 79
39 81
39 82
39 83
39 85
39 87
39 88
39 89
39 93
39 98
40 41
40 42
40 46
40 48
40 51
40 52
40 55
40 56
40 59
40 60
40 63
40 64
40 67
40 68
40 69
40 73
40 81
40 83
40 88
40 89
40 92
40 93
41 42
41 45
41 46
41 47
41 54
41 57
41 59
41 62
41 63
41 69
41 70
41 76
41 79
41 85
41 88
41 95
41 96
41 99
42 43
42 48
42 52
42 53
42 56
42 57
42 59
42 65
42 71
42 74
42 75
42 77
42 80
42 88
42 89
42 90
42 94
42 97
42 99
43 47
43 51
43 52
43 56
43 60
43 63
43 64
43 75
43 85
43 90
43 95
44 49
44 55
44 57
44 62
44 67
44 69
44 73
44 80
44 87
44 95
45 56
45 57
45 70
45 73
45 74
45 77
45 78
45 82
45 84
45 86
45 87
45 90
45 92
45 97
46 47
46 53
46 54
46 55
46 58
46 64
46 67
46 69
46 71
46 77
46 80
46 84
46 86
46 91
46 99
47 50
47 52
47 55
47 58
47 63
47 65
47 66
47 67
47 68
47 71
47 76
47 80
47 81
47 82
47 83
47 85
47 87
47 91
47 97
48 49
48 56
48 57
48 62
48 65
48 72
48 75
48 79
48 80
48 81
48 85
48 86
48 89
48 93
49 60
49 65
49 66
49 68
49 70
49 71
49 78
49 85
49 89
49 91
49 94
49 95
49 97
49 98
50 51
50 53
50 56
50 59
50 63
50 67
50 69
50 70
50 71
50 75
50 76
50 78
50 79
50 86
50 90
50 95
50 97
50 99
51 55
51 56
51 59
51 60
51 79
51 80
51 83
51 87
51 89
51 91
51 95
51 97
51 98
52 54
52 59
52 65
52 66
52 69
52 74
52 78
52 79
52 81
52 82
52 83
52 84
52 96
52 97
53 54
53 56
53 59
53 63
53 65
53 69
53 73
53 76
53 89
53 95
53 99
54 55
54 57
54 65
54 68
54 69
54 73
54 74
54 78
54 79
54 84
54 92
54 95
54 97
55 62
55 68
55 72
55 74
55 78
55 84
55 90
55 91
55 98
56 65
56 66
56 67
56 70
56 77
56 78
56 80
56 81
56 82
56 86
56 88
56 90
56 91
56 92
56 97
57 64
57 67
57 69
57 72
57 74
57 77
57 81
57 83
57 84
57 85
57 93
57 96
57 97
58 61
58 65
58 70
58 71
58 78
58 79
58 80
58 81
58 87
58 88
58 92
58 93
58 95
59 61
59 62
59 64
59 70
59 72
59 73
59 74
59 78
59 79
59 80
59 92
59 93
60 61
60 66
60 68
60 73
60 76
60 78
60 83
60 85
60 87
60 89
60 90
60 93
60 98
60 99
61 64
61 65
61 73
61 80
61 87
61 91
61 92
61 94
61 98
61 99
62 63
62 64
62 70
62 73
62 74
62 75
62 78
62 81
62 85
62 88
62 92
62 95
63 66
63 67
63 69
63 70
63 78
63 81
63 82
63 83
63 90
63 91
63 97
63 98
64 66
64 67
64 70
64 74
64 78
64 85
64 87
64 97
64 98
64 99
65 66
65 74
65 86
65 87
65 91
65 92
65 95
65 97
66 68
66 74
66 76
66 78
66 79
66 82
66 84
66 85
66 86
66 87
66 88
66 90
66 92
66 93
66 95
66 96
67 70
67 71
67 75
67 81
67 88
67 92
67 93
67 95
67 96
68 71
68 77
68 84
68 86
68 90
68 94
69 70
69 81
69 82
69 83
69 84
69 86
69 89
69 92
69 93
69 99
70 80
70 84
70 86
70 87
70 88
70 90
70 92
70 94
70 97
71 76
71 77
71 78
71 80
71 83
71 89
71 90
71 92
71 94
71 97
72 85
72 89
72 97
72 99
73 74
73 75
73 83
73 88
73 91
73 92
73 94
73 96
73 99
74 77
74 78
74 83
74 85
74 86
74 89
74 91
74 92
74 98
75 76
75 78
75 80
75 84
75 89
75 93
75 94
75 96
75 99
76 85
76 87
76 88
76 89
76 92
76 96
76 98
77 78
77 87
77 92
77 99
78 89
78 93
78 98
79 90
79 92
80 83
80 89
80 93
80 94
80 98
80 99
81 84
81 92
81 93
81 96
81 99
82 90
82 95
82 98
83 86
83 90
83 92
83 93
83 96
83 97
83 98
84 87
84 88
84 93
84 96
84 99
85 86
85 89
85 92
85 93
85 97
85 98
86 88
86 94
87 90
87 91
87 92
87 95
87 96
87 99
88 90
88 91
88 94
88 96
89 94
90 93
90 97
91 93
91 95
91 96
92 95
92 98
94 99
95 97
98 99
64 192# diff=-1
0 32
0 16
0 8
0 4
0 2
0 1
32 48
32 40
32 36
32 34
32 33
16 48
16 24
16 20
16 18
16 17
8 40
8 24
8 12
8 10
8 9
4 36
4 20
4 12
4 6
4 5
2 34
2 18
2 10
2 6
2 3
1 33
1 17
1 9
1 5
1 3
33 49
33 41
33 37
33 35
17 49
17 25
17 21
17 19
9 41
9 25
9 13
9 11
5 37
5 21
5 13
5 7
3 35
3 19
3 11
3 7
34 50
34 42
34 38
34 35
18 50
18 26
18 22
18 19
10 42
10 26
10 14
10 11
6 38
6 22
6 14
6 7
35 51
35 43
35 39
19 51
19 27
19 23
11 43
11 27
11 15
7 39
7 23
7 15
36 52
36 44
36 38
36 37
20 52
20 28
20 22
20 21
12 44
12 28
12 14
12 13
37 53
37 45
37 39
21 53
21 29
21 23
13 45
13 29
13 15
38 54
38 46
38 39
22 54
22 30
22 23
14 46
14 30
14 15
39 55
39 47
23 55
23 31
15 47
15 31
40 56
40 44
40 42
40 41
24 56
24 28
24 26
24 25
41 57
41 45
41 43
25 57
25 29
25 27
42 58
42 46
42 43
26 58
26 30
26 27
43 59
43 47
27 59
27 31
44 60
44 46
44 45
28 60
28 30
28 29
45 61
45 47
29 61
29 31
46 62
46 47
30 62
30 31
47 63
31 63
48 56
48 52
48 50
48 49
49 57
49 53
49 51
50 58
50 54
50 51
51 59
51 55
52 60
52 54
52 53
53 61
53 55
54 62
54 55
55 63
56 60
56 58
56 57
57 61
57 59
58 62
58 59
59 63
60 62
60 61
61 63
62 63
64 192# diff=-1
0 32
0 16
0 8
0 4
0 2
0 1
32 48
32 40
32 36
32 34
32 33
16 48
16 24
16 20
16 18
16 17
8 40
8 24
8 12
8 10
8 9
4 36
4 20
4 12
4 6
4 5
2 34
2 18
2 10
2 6
2 3
1 33
1 17
1 9
1 5
1 3
33 49
33 41
33 37
33 35
17 49
17 25
17 21
17 19
9 41
9 25
9 13
9 11
5 37
5 21
5 13
5 7
3 35
3 19
3 11
3 7
34 50
34 42
34 38
34 35
18 50
18 26
18 22
18 19
10 42
10 26
10 14
10 11
6 38
6 22
6 14
6 7
35 51
35 43
35 39
19 51
19 27
19 23
11 43
11 27
11 15
7 39
7 23
7 15
36 52
36 44
36 38
36 37
20 52
20 28
20 22
20 21
12 44
12 28
12 14
12 13
37 53
37 45
37 39
21 53
21 29
21 23
13 45
13 29
13 15
38 54
38 46
38 39
22 54
22 30
22 23
14 46
14 30
14 15
39 55
39 47
23 55
23 31
15 47
15 31
40 56
40 44
40 42
40 41
24 56
24 28
24 26
24 25
41 57
41 45
41 43
25 57
25 29
25 27
42 58
42 46
42 43
26 58
26 30
26 27
43 59
43 47
27 59
27 31
44 60
44 46
44 45
28 60
28 30
28 29
45 61
45 47
29 61
29 31
46 62
46 47
30 62
30 31
47 63
31 63
48 56
48 52
48 50
48 49
49 57
49 53
49 51
50 58
50 54
50 51
51 59
51 55
52 60
52 54
52 53
53 61
53 55
54 62
54 55
55 63
56 60
56 58
56 57
57 61
57 59
58 62
58 59
59 63
60 62
60 61
61 63
62 63
