100 359# diff=4
0 75
0 23
0 81
0 88
0 35
0 6
0 89
0 60
1 36
1 39
1 28
1 6
1 4
1 22
1 42
2 71
2 70
2 73
2 27
2 83
2 8
2 54
2 55
3 15
3 60
3 9
3 56
3 40
3 23
3 25
3 74
3 59
3 93
4 12
4 76
4 80
5 37
5 47
5 93
5 73
5 9
5 36
5 7
5 56
5 80
6 11
6 71
6 84
6 87
6 50
6 37
7 46
7 68
7 55
7 26
7 96
8 54
9 69
9 93
9 26
9 81
9 24
9 66
9 27
9 64
10 70
10 95
10 35
10 18
10 24
10 36
10 96
10 86
11 45
11 87
11 20
11 73
12 15
12 47
12 22
12 95
12 45
12 50
12 81
12 30
12 20
13 22
13 26
13 23
13 54
13 50
14 49
14 20
14 37
15 24
15 27
15 38
15 47
15 45
15 31
16 30
16 34
17 29
17 22
17 79
17 74
17 61
17 93
17 53
17 40
17 36
17 83
17 54
18 38
18 96
18 97
18 71
18 22
19 24
19 55
19 87
19 89
20 57
20 30
20 70
20 48
20 23
20 21
20 24
20 41
20 34
21 86
21 60
21 51
21 29
21 76
21 83
21 85
21 26
22 45
22 59
22 99
22 96
23 28
23 59
23 80
23 33
24 90
24 29
24 79
24 92
24 44
24 71
24 74
25 69
25 65
25 58
25 79
25 77
25 96
26 98
26 35
26 45
26 61
26 95
26 39
27 63
27 58
27 75
27 38
27 32
27 82
27 77
28 35
28 44
28 87
28 90
28 43
28 82
28 37
28 71
28 52
28 47
29 80
29 83
29 41
30 57
30 87
30 72
30 75
31 84
31 57
32 65
32 35
32 36
32 86
33 66
33 45
33 58
34 61
34 47
34 71
34 85
34 88
34 74
34 35
35 36
35 83
35 65
36 81
36 52
36 40
36 43
37 57
37 75
37 58
37 38
38 43
38 63
38 64
38 49
38 96
39 90
39 55
39 44
39 88
39 73
39 59
40 52
40 49
40 57
40 84
40 76
40 91
40 54
40 79
41 52
41 71
41 97
41 79
41 65
42 81
43 46
43 47
43 89
43 86
43 78
44 63
44 99
44 86
44 54
45 69
45 78
45 56
45 51
45 97
45 70
46 72
46 95
47 88
48 59
49 78
49 99
49 94
49 56
49 54
49 93
49 73
50 61
50 68
50 62
51 73
51 59
52 97
52 54
53 67
53 71
53 64
53 63
53 89
53 99
53 56
54 89
54 61
54 59
55 93
55 97
56 59
56 64
56 65
57 94
57 92
58 74
58 71
58 82
59 92
60 90
60 61
60 68
60 91
60 79
61 63
62 87
63 69
63 75
63 80
63 92
63 71
64 69
64 78
65 92
66 95
66 90
66 78
66 74
66 87
67 70
67 68
68 98
68 83
69 88
69 99
70 88
70 84
70 75
72 81
72 90
73 82
75 79
75 77
75 82
76 88
77 78
77 99
77 95
78 94
78 99
82 87
82 97
82 85
82 92
83 88
83 90
83 92
83 93
84 88
84 94
84 99
86 96
87 89
87 96
87 95
88 95
88 99
89 97
90 94
90 99
91 93
95 99
