100 369 #diff=4
20 61
20 70
20 72
20 73
20 16
20 33
20 35
20 39
61 64
61 81
61 84
61 85
61 90
61 7
61 48
61 11
61 14
61 58
0 17
0 28
0 31
0 36
0 44
0 78
0 83
0 96
17 6
17 15
17 21
17 27
17 50
17 51
64 63
64 66
64 68
64 69
64 74
64 80
64 82
64 7
64 13
64 14
70 8
70 49
70 91
70 51
70 55
72 21
72 68
72 7
72 28
72 58
72 39
73 44
73 7
73 10
73 83
73 96
73 56
73 59
28 40
28 49
28 12
28 18
31 4
31 32
31 37
31 43
31 44
31 75
31 83
31 94
36 7
36 74
36 45
36 85
36 92
36 19
81 62
81 63
81 3
81 4
81 68
81 48
81 13
81 14
84 5
84 80
85 82
85 96
85 98
85 25
85 18
85 58
44 21
44 60
44 89
44 13
41 42
41 79
41 5
42 45
42 71
42 82
42 23
42 25
42 13
42 35
78 24
78 66
78 50
78 75
78 35
78 15
78 59
79 46
79 10
82 97
82 63
82 45
82 26
82 6
82 47
82 66
82 54
21 46
21 56
21 86
21 92
46 43
46 5
46 50
46 59
46 88
46 12
46 35
46 40
1 2
1 33
1 45
1 47
1 58
1 62
1 63
1 71
1 92
1 30
2 3
2 4
2 6
2 29
2 32
2 33
2 39
2 96
2 49
97 5
97 26
97 6
97 75
97 69
56 33
56 89
56 95
56 37
56 40
62 65
62 74
62 23
62 24
62 77
65 66
65 88
65 47
65 27
74 4
74 26
74 8
74 38
33 25
33 27
33 12
33 40
33 47
33 63
86 25
86 5
86 14
86 76
86 39
86 53
92 22
92 66
92 13
92 38
45 43
45 3
45 47
45 57
45 7
47 57
47 32
47 37
47 40
13 91
13 3
13 8
13 18
13 63
13 76
91 80
58 51
58 68
58 76
58 96
63 66
63 6
63 7
63 12
63 93
71 23
71 66
71 5
71 96
71 54
71 18
22 26
22 67
22 95
26 43
26 12
26 16
3 90
3 93
3 55
3 68
3 99
3 14
4 15
4 27
4 53
4 75
4 76
6 14
6 32
6 39
6 40
6 95
67 9
67 57
67 60
66 89
66 50
66 68
66 90
29 34
29 77
32 7
32 40
32 50
32 51
32 68
32 75
39 23
39 24
39 25
39 52
39 99
95 69
95 52
95 5
43 50
43 94
43 99
43 8
43 30
43 98
50 23
50 90
50 11
50 40
90 25
90 12
90 55
90 15
90 57
23 89
23 96
23 7
96 48
68 76
68 99
68 14
68 15
76 8
76 11
76 53
76 94
94 88
94 60
99 89
99 30
99 10
99 12
99 57
93 27
93 51
93 48
93 75
93 35
93 59
69 83
69 87
69 30
89 24
89 5
89 27
89 57
55 49
55 14
55 59
60 16
27 53
27 14
27 18
24 38
24 40
24 57
24 59
24 5
38 48
38 59
38 75
38 18
40 75
98 34
57 25
57 34
59 14
59 75
59 83
15 7
15 9
15 18
15 19
51 9
51 19
51 35
88 16
88 19
53 9
53 30
53 52
53 12
53 14
25 48
83 8
5 19
7 8
30 12
77 16
49 35
49 37
87 11
87 52
87 54
18 35
37 12
37 54
