100 99#
0 37
1 59
2 12
3 15
3 83
3 71
3 79
4 31
5 64
5 12
5 69
6 12
7 59
7 23
7 21
7 35
7 56
7 65
8 25
9 37
10 15
10 93
10 30
10 46
10 58
10 67
11 37
12 90
12 40
12 61
12 68
12 72
13 31
14 25
15 24
15 53
15 82
15 96
15 98
16 23
17 90
18 92
19 31
20 93
22 31
23 39
23 43
23 52
23 89
25 77
25 54
26 90
27 81
28 51
29 92
31 90
31 81
31 62
31 74
32 51
33 37
34 77
36 92
37 64
37 59
37 50
37 78
37 84
38 77
41 51
42 92
44 51
45 77
47 77
48 59
49 77
51 93
55 59
57 77
59 93
59 66
59 87
59 88
60 92
63 64
64 76
70 83
73 83
75 83
77 93
80 92
81 86
81 99
83 85
90 91
90 97
92 93
92 95
93 94
100 99#
0 41
1 99
2 41
3 41
4 66
5 15
6 17
7 66
8 35
9 35
9 70
9 91
9 16
9 51
9 80
10 99
11 66
12 99
13 66
14 37
14 98
14 41
14 82
14 26
14 32
14 39
14 62
14 87
15 99
15 70
15 41
15 75
15 76
15 92
17 70
17 46
17 78
17 79
18 70
19 35
20 37
21 91
21 34
21 58
21 60
21 93
21 95
22 53
23 35
24 98
25 41
27 53
28 35
29 70
30 66
31 82
33 98
35 68
35 73
36 70
37 69
37 83
37 84
37 86
38 98
40 98
41 81
41 97
42 82
43 70
44 82
45 82
47 82
48 99
49 70
50 82
52 66
53 66
53 56
53 67
54 99
55 70
57 99
59 91
61 66
63 91
64 99
65 82
66 70
66 71
66 88
70 90
72 82
74 99
77 82
82 96
85 98
89 98
94 98
100 99#
0 13
1 45
2 8
2 51
2 36
2 4
2 43
2 65
2 70
3 62
4 18
4 23
4 58
4 83
5 62
6 36
7 28
8 14
8 49
8 78
8 98
9 45
10 13
10 62
10 54
10 39
10 59
10 63
10 72
10 97
11 51
12 45
13 28
13 29
13 33
13 60
13 75
13 82
15 52
16 89
17 48
19 48
20 86
21 52
22 32
24 52
25 48
26 51
26 31
26 90
26 93
27 54
28 51
28 76
28 74
28 94
30 52
32 89
32 52
32 48
32 47
32 71
32 88
32 92
34 62
35 54
36 48
36 38
36 41
36 64
36 73
36 80
37 89
40 86
42 52
42 44
42 57
42 96
45 54
46 76
48 69
48 99
50 51
51 91
52 81
53 62
54 68
54 77
55 86
56 62
61 89
62 86
66 76
67 89
76 79
76 87
84 89
85 86
86 95
100 99#
0 78
1 47
2 48
3 47
3 13
3 5
3 14
3 25
3 28
3 50
3 51
3 72
3 86
4 48
5 37
5 39
5 55
5 68
6 66
7 13
8 15
9 29
10 56
11 91
12 48
13 44
13 78
13 18
15 31
15 21
15 42
16 24
17 66
19 31
20 56
22 66
23 31
24 44
24 36
24 77
24 94
26 56
27 56
29 91
29 31
29 43
29 58
29 61
29 67
29 82
29 84
29 97
30 31
31 56
31 52
31 80
31 95
32 91
33 44
34 56
35 56
35 57
35 63
35 71
35 90
35 93
38 44
40 78
41 91
44 66
44 53
44 62
44 88
45 47
46 91
46 64
46 69
46 76
47 81
47 96
48 91
48 54
48 75
48 89
48 92
48 99
49 66
56 78
56 83
59 78
60 91
65 78
66 73
66 74
66 79
70 78
78 87
78 98
85 91
100 99#
0 99
1 4
1 84
1 38
1 57
1 3
1 32
1 81
1 86
2 40
4 89
4 27
4 33
4 61
4 97
5 11
5 83
5 91
5 94
6 99
7 84
8 35
9 51
10 57
11 40
11 12
11 75
11 82
13 40
14 49
15 39
16 25
17 40
18 79
19 57
20 45
21 48
22 99
23 49
24 35
24 49
24 57
24 26
24 64
25 57
25 79
25 41
25 42
25 63
25 69
28 58
29 93
30 35
31 37
34 37
35 37
35 36
37 72
37 88
38 54
38 98
39 45
39 44
40 99
40 80
43 58
45 51
45 57
45 47
45 60
45 68
45 71
46 48
48 49
49 67
49 74
49 78
50 93
51 99
51 55
51 70
52 93
53 93
56 79
57 93
57 58
58 59
58 73
62 89
65 99
66 89
76 89
77 84
84 92
84 95
84 96
85 89
87 89
90 99
100 99#
0 59
1 29
2 17
3 49
4 29
5 61
6 74
7 87
8 57
9 64
9 52
10 97
11 19
12 72
13 81
14 57
15 59
16 74
17 72
17 29
17 30
17 69
17 85
18 57
19 72
19 87
19 44
19 83
19 90
20 84
21 57
22 98
23 92
24 97
25 87
26 29
27 61
28 74
29 60
29 65
29 70
31 34
32 61
33 74
34 92
34 39
34 54
34 58
34 63
35 97
36 72
37 92
38 72
40 92
41 84
42 89
43 89
45 89
46 81
47 57
48 49
49 84
49 68
49 77
50 79
51 87
53 97
55 89
56 59
57 98
57 67
59 97
59 92
59 61
62 64
64 98
64 66
64 91
71 79
72 81
72 92
73 98
74 81
74 84
74 75
74 82
76 89
78 81
79 92
79 94
80 97
81 99
84 89
86 98
87 98
87 93
88 89
95 98
96 97
100 99#
0 91
1 94
2 90
3 91
4 87
5 66
5 55
5 94
5 26
5 38
5 58
5 93
6 81
7 81
8 56
9 66
10 81
11 91
12 87
13 32
14 66
15 32
15 55
15 30
15 60
15 84
15 92
15 99
16 65
17 65
18 28
19 87
20 56
21 55
22 55
23 81
24 91
25 65
27 81
28 36
28 29
31 96
33 56
34 64
35 83
36 83
36 55
36 81
36 43
36 71
36 73
36 80
36 98
37 94
39 94
40 96
41 55
42 72
44 56
45 90
46 83
47 66
48 65
49 83
50 64
51 72
52 55
53 90
54 94
55 74
56 90
56 75
56 95
57 83
59 81
61 90
62 72
63 64
64 90
64 91
64 96
64 70
64 79
65 72
65 97
67 81
68 87
69 96
72 94
72 76
77 83
78 83
82 94
83 85
86 94
87 90
88 91
89 94
90 94
