50 49#71 out
0 38
1 38
2 44
2 3
2 26
2 30
2 34
2 43
2 48
2 49
4 38
5 6
6 38
6 8
6 14
6 22
6 23
6 25
6 37
6 46
7 24
9 24
10 12
11 44
12 44
12 33
12 41
12 47
13 38
15 44
16 38
17 24
18 38
19 44
20 38
21 44
24 44
24 29
24 31
24 36
24 39
24 40
24 42
24 45
27 38
28 38
32 38
35 38
38 44
50 50#335 out
0 38
0 9
0 11
0 12
0 13
0 17
0 26
0 32
1 30
2 20
3 30
3 38
3 20
3 7
3 8
3 18
3 31
3 33
3 34
4 20
5 22
6 30
10 22
14 38
15 38
16 30
19 20
20 23
20 45
20 47
21 38
22 38
22 30
22 28
22 29
22 35
22 36
22 41
24 30
25 30
27 30
30 39
30 40
30 42
30 43
37 38
38 44
38 46
38 48
38 49
